#Data from the TCD1304 linear CCD
#column 1 = pixelnumber , column 2 = pixelvalue
#Pixel 1-32 and 3679-3694 and are dummy pixels
#SH-period: 100    ICG-period: 100000    Integration time: 50.0 µs
1 1776
2 3658
3 3661
4 3662
5 3664
6 3661
7 3663
8 3661
9 3663
10 3661
11 3663
12 3660
13 3664
14 3661
15 3664
16 3661
17 3664
18 3660
19 3663
20 3661
21 3663
22 3660
23 3663
24 3660
25 3664
26 3662
27 3662
28 3661
29 3664
30 3660
31 3662
32 3316
33 2472
34 2506
35 2519
36 2513
37 2517
38 2512
39 2519
40 2509
41 2514
42 2508
43 2512
44 2504
45 2506
46 2501
47 2507
48 2498
49 2501
50 2492
51 2503
52 2489
53 2493
54 2489
55 2488
56 2484
57 2488
58 2479
59 2487
60 2477
61 2481
62 2472
63 2478
64 2470
65 2475
66 2471
67 2475
68 2462
69 2470
70 2461
71 2468
72 2457
73 2464
74 2456
75 2463
76 2460
77 2456
78 2454
79 2464
80 2450
81 2460
82 2455
83 2459
84 2451
85 2458
86 2455
87 2463
88 2453
89 2458
90 2460
91 2459
92 2454
93 2459
94 2454
95 2458
96 2451
97 2457
98 2455
99 2459
100 2453
101 2461
102 2449
103 2459
104 2455
105 2464
106 2453
107 2462
108 2455
109 2462
110 2452
111 2464
112 2452
113 2458
114 2451
115 2459
116 2452
117 2458
118 2451
119 2457
120 2448
121 2452
122 2443
123 2453
124 2444
125 2450
126 2443
127 2450
128 2444
129 2451
130 2445
131 2453
132 2445
133 2450
134 2444
135 2452
136 2444
137 2446
138 2445
139 2448
140 2441
141 2451
142 2438
143 2449
144 2439
145 2447
146 2436
147 2445
148 2437
149 2440
150 2434
151 2441
152 2432
153 2441
154 2430
155 2441
156 2431
157 2439
158 2434
159 2441
160 2434
161 2441
162 2434
163 2438
164 2433
165 2437
166 2430
167 2438
168 2431
169 2433
170 2429
171 2436
172 2426
173 2431
174 2427
175 2434
176 2423
177 2432
178 2426
179 2430
180 2427
181 2433
182 2429
183 2432
184 2428
185 2435
186 2426
187 2435
188 2426
189 2429
190 2423
191 2432
192 2424
193 2431
194 2424
195 2434
196 2425
197 2431
198 2426
199 2433
200 2423
201 2435
202 2422
203 2436
204 2426
205 2430
206 2431
207 2436
208 2429
209 2434
210 2431
211 2436
212 2432
213 2439
214 2432
215 2446
216 2435
217 2444
218 2440
219 2445
220 2439
221 2445
222 2442
223 2446
224 2439
225 2451
226 2443
227 2449
228 2447
229 2452
230 2444
231 2452
232 2447
233 2451
234 2447
235 2457
236 2446
237 2452
238 2446
239 2455
240 2449
241 2453
242 2447
243 2451
244 2445
245 2448
246 2440
247 2452
248 2440
249 2447
250 2444
251 2449
252 2436
253 2443
254 2439
255 2443
256 2436
257 2443
258 2435
259 2445
260 2432
261 2441
262 2430
263 2440
264 2432
265 2433
266 2428
267 2437
268 2428
269 2435
270 2425
271 2434
272 2420
273 2430
274 2421
275 2429
276 2426
277 2424
278 2421
279 2425
280 2420
281 2424
282 2419
283 2427
284 2419
285 2426
286 2417
287 2431
288 2422
289 2430
290 2428
291 2432
292 2425
293 2431
294 2425
295 2435
296 2424
297 2430
298 2425
299 2436
300 2425
301 2434
302 2427
303 2430
304 2426
305 2431
306 2425
307 2431
308 2426
309 2432
310 2427
311 2438
312 2432
313 2437
314 2432
315 2438
316 2433
317 2440
318 2430
319 2438
320 2430
321 2437
322 2430
323 2439
324 2432
325 2441
326 2432
327 2437
328 2429
329 2435
330 2428
331 2432
332 2424
333 2430
334 2423
335 2430
336 2423
337 2428
338 2418
339 2424
340 2413
341 2420
342 2411
343 2418
344 2407
345 2413
346 2409
347 2414
348 2410
349 2415
350 2408
351 2416
352 2407
353 2414
354 2408
355 2413
356 2405
357 2413
358 2410
359 2416
360 2410
361 2412
362 2405
363 2412
364 2404
365 2412
366 2402
367 2409
368 2396
369 2407
370 2400
371 2405
372 2399
373 2406
374 2398
375 2407
376 2400
377 2402
378 2401
379 2406
380 2397
381 2405
382 2397
383 2403
384 2398
385 2403
386 2395
387 2405
388 2395
389 2401
390 2398
391 2397
392 2396
393 2399
394 2391
395 2399
396 2391
397 2399
398 2394
399 2404
400 2394
401 2398
402 2392
403 2394
404 2387
405 2396
406 2385
407 2391
408 2383
409 2389
410 2382
411 2393
412 2381
413 2383
414 2379
415 2385
416 2377
417 2381
418 2376
419 2384
420 2376
421 2386
422 2379
423 2389
424 2380
425 2387
426 2382
427 2385
428 2379
429 2382
430 2373
431 2380
432 2371
433 2376
434 2367
435 2374
436 2364
437 2374
438 2366
439 2373
440 2366
441 2372
442 2365
443 2373
444 2366
445 2367
446 2363
447 2369
448 2358
449 2369
450 2359
451 2366
452 2355
453 2364
454 2357
455 2361
456 2352
457 2357
458 2349
459 2357
460 2347
461 2349
462 2341
463 2351
464 2338
465 2347
466 2341
467 2350
468 2341
469 2349
470 2345
471 2354
472 2343
473 2349
474 2350
475 2357
476 2347
477 2357
478 2352
479 2356
480 2344
481 2355
482 2348
483 2354
484 2348
485 2353
486 2344
487 2350
488 2341
489 2344
490 2336
491 2344
492 2330
493 2339
494 2331
495 2335
496 2325
497 2334
498 2325
499 2334
500 2327
501 2333
502 2325
503 2334
504 2323
505 2332
506 2329
507 2339
508 2327
509 2336
510 2327
511 2334
512 2327
513 2332
514 2331
515 2336
516 2326
517 2330
518 2329
519 2333
520 2327
521 2328
522 2322
523 2326
524 2321
525 2330
526 2322
527 2327
528 2321
529 2326
530 2316
531 2325
532 2314
533 2325
534 2316
535 2325
536 2316
537 2325
538 2322
539 2324
540 2319
541 2327
542 2320
543 2330
544 2321
545 2327
546 2322
547 2327
548 2322
549 2324
550 2324
551 2328
552 2317
553 2324
554 2320
555 2324
556 2312
557 2321
558 2314
559 2323
560 2310
561 2314
562 2306
563 2317
564 2309
565 2311
566 2305
567 2312
568 2304
569 2308
570 2300
571 2310
572 2300
573 2306
574 2299
575 2306
576 2301
577 2304
578 2301
579 2308
580 2301
581 2304
582 2295
583 2305
584 2301
585 2312
586 2301
587 2307
588 2304
589 2309
590 2305
591 2311
592 2303
593 2309
594 2301
595 2310
596 2304
597 2308
598 2300
599 2310
600 2300
601 2306
602 2299
603 2302
604 2294
605 2304
606 2293
607 2303
608 2295
609 2304
610 2291
611 2300
612 2293
613 2299
614 2295
615 2303
616 2293
617 2300
618 2295
619 2305
620 2296
621 2306
622 2294
623 2305
624 2297
625 2303
626 2301
627 2304
628 2300
629 2304
630 2299
631 2305
632 2298
633 2305
634 2298
635 2307
636 2296
637 2300
638 2300
639 2300
640 2290
641 2296
642 2290
643 2299
644 2288
645 2296
646 2281
647 2290
648 2282
649 2290
650 2286
651 2291
652 2284
653 2291
654 2288
655 2290
656 2282
657 2294
658 2284
659 2296
660 2288
661 2294
662 2290
663 2296
664 2290
665 2296
666 2288
667 2300
668 2290
669 2298
670 2289
671 2301
672 2290
673 2295
674 2290
675 2300
676 2291
677 2296
678 2294
679 2299
680 2292
681 2297
682 2288
683 2295
684 2285
685 2294
686 2287
687 2291
688 2282
689 2292
690 2284
691 2291
692 2285
693 2293
694 2284
695 2294
696 2287
697 2292
698 2285
699 2289
700 2284
701 2296
702 2284
703 2291
704 2278
705 2290
706 2283
707 2291
708 2283
709 2286
710 2283
711 2289
712 2281
713 2289
714 2282
715 2289
716 2282
717 2290
718 2283
719 2288
720 2283
721 2287
722 2279
723 2288
724 2279
725 2282
726 2277
727 2282
728 2278
729 2282
730 2277
731 2284
732 2275
733 2286
734 2276
735 2285
736 2278
737 2287
738 2276
739 2286
740 2275
741 2284
742 2280
743 2285
744 2275
745 2284
746 2278
747 2284
748 2273
749 2280
750 2278
751 2287
752 2279
753 2289
754 2279
755 2289
756 2281
757 2289
758 2281
759 2292
760 2285
761 2287
762 2281
763 2289
764 2282
765 2292
766 2285
767 2292
768 2286
769 2295
770 2289
771 2299
772 2293
773 2302
774 2296
775 2306
776 2305
777 2307
778 2303
779 2307
780 2301
781 2309
782 2303
783 2308
784 2304
785 2314
786 2307
787 2312
788 2308
789 2315
790 2309
791 2319
792 2305
793 2321
794 2308
795 2313
796 2309
797 2311
798 2309
799 2310
800 2298
801 2306
802 2298
803 2302
804 2293
805 2295
806 2287
807 2295
808 2285
809 2289
810 2284
811 2292
812 2282
813 2289
814 2279
815 2287
816 2277
817 2288
818 2279
819 2287
820 2282
821 2286
822 2278
823 2285
824 2280
825 2286
826 2281
827 2289
828 2282
829 2287
830 2284
831 2288
832 2282
833 2288
834 2284
835 2293
836 2282
837 2288
838 2285
839 2290
840 2279
841 2287
842 2283
843 2288
844 2278
845 2282
846 2276
847 2281
848 2272
849 2276
850 2271
851 2285
852 2268
853 2281
854 2270
855 2279
856 2271
857 2274
858 2273
859 2278
860 2273
861 2279
862 2271
863 2275
864 2265
865 2273
866 2266
867 2272
868 2264
869 2267
870 2254
871 2268
872 2256
873 2260
874 2257
875 2262
876 2258
877 2261
878 2259
879 2263
880 2260
881 2271
882 2262
883 2272
884 2266
885 2274
886 2265
887 2277
888 2269
889 2275
890 2270
891 2280
892 2267
893 2277
894 2271
895 2276
896 2268
897 2270
898 2264
899 2272
900 2266
901 2270
902 2259
903 2271
904 2256
905 2265
906 2257
907 2261
908 2254
909 2259
910 2250
911 2260
912 2253
913 2257
914 2250
915 2261
916 2255
917 2259
918 2255
919 2260
920 2251
921 2259
922 2256
923 2259
924 2254
925 2258
926 2252
927 2257
928 2246
929 2253
930 2245
931 2254
932 2244
933 2248
934 2237
935 2249
936 2237
937 2244
938 2238
939 2250
940 2243
941 2248
942 2247
943 2253
944 2245
945 2256
946 2249
947 2260
948 2251
949 2255
950 2252
951 2258
952 2252
953 2257
954 2254
955 2260
956 2251
957 2257
958 2250
959 2258
960 2246
961 2252
962 2246
963 2250
964 2242
965 2250
966 2243
967 2249
968 2244
969 2246
970 2244
971 2247
972 2237
973 2240
974 2235
975 2239
976 2231
977 2236
978 2230
979 2239
980 2230
981 2236
982 2227
983 2237
984 2227
985 2234
986 2229
987 2231
988 2225
989 2230
990 2226
991 2229
992 2222
993 2227
994 2222
995 2231
996 2220
997 2229
998 2219
999 2228
1000 2219
1001 2230
1002 2222
1003 2232
1004 2222
1005 2230
1006 2225
1007 2230
1008 2225
1009 2227
1010 2226
1011 2230
1012 2225
1013 2227
1014 2221
1015 2231
1016 2219
1017 2231
1018 2216
1019 2228
1020 2217
1021 2227
1022 2220
1023 2228
1024 2220
1025 2227
1026 2220
1027 2229
1028 2221
1029 2226
1030 2219
1031 2229
1032 2221
1033 2227
1034 2223
1035 2232
1036 2221
1037 2229
1038 2223
1039 2232
1040 2222
1041 2231
1042 2223
1043 2229
1044 2221
1045 2231
1046 2227
1047 2228
1048 2222
1049 2232
1050 2220
1051 2233
1052 2222
1053 2226
1054 2226
1055 2229
1056 2221
1057 2230
1058 2220
1059 2228
1060 2223
1061 2226
1062 2220
1063 2226
1064 2214
1065 2222
1066 2215
1067 2220
1068 2213
1069 2216
1070 2212
1071 2222
1072 2207
1073 2220
1074 2209
1075 2218
1076 2210
1077 2214
1078 2209
1079 2218
1080 2211
1081 2218
1082 2211
1083 2221
1084 2212
1085 2221
1086 2215
1087 2220
1088 2216
1089 2223
1090 2215
1091 2223
1092 2214
1093 2220
1094 2208
1095 2222
1096 2213
1097 2217
1098 2213
1099 2218
1100 2211
1101 2220
1102 2209
1103 2221
1104 2212
1105 2220
1106 2214
1107 2224
1108 2216
1109 2223
1110 2218
1111 2226
1112 2216
1113 2224
1114 2217
1115 2227
1116 2220
1117 2225
1118 2220
1119 2228
1120 2216
1121 2223
1122 2217
1123 2228
1124 2216
1125 2220
1126 2212
1127 2222
1128 2209
1129 2215
1130 2210
1131 2220
1132 2208
1133 2214
1134 2207
1135 2210
1136 2205
1137 2214
1138 2207
1139 2214
1140 2206
1141 2212
1142 2209
1143 2216
1144 2211
1145 2212
1146 2213
1147 2219
1148 2212
1149 2220
1150 2213
1151 2220
1152 2209
1153 2214
1154 2205
1155 2210
1156 2205
1157 2208
1158 2201
1159 2206
1160 2203
1161 2206
1162 2205
1163 2209
1164 2200
1165 2206
1166 2205
1167 2211
1168 2201
1169 2212
1170 2201
1171 2213
1172 2210
1173 2214
1174 2210
1175 2218
1176 2211
1177 2211
1178 2210
1179 2213
1180 2204
1181 2210
1182 2201
1183 2210
1184 2201
1185 2208
1186 2196
1187 2206
1188 2197
1189 2200
1190 2194
1191 2202
1192 2193
1193 2200
1194 2193
1195 2203
1196 2192
1197 2198
1198 2192
1199 2193
1200 2192
1201 2200
1202 2187
1203 2199
1204 2188
1205 2194
1206 2189
1207 2197
1208 2187
1209 2199
1210 2194
1211 2196
1212 2191
1213 2202
1214 2194
1215 2205
1216 2194
1217 2204
1218 2200
1219 2209
1220 2196
1221 2208
1222 2200
1223 2205
1224 2198
1225 2205
1226 2198
1227 2202
1228 2195
1229 2204
1230 2194
1231 2201
1232 2192
1233 2195
1234 2194
1235 2203
1236 2187
1237 2197
1238 2187
1239 2191
1240 2182
1241 2192
1242 2181
1243 2187
1244 2182
1245 2187
1246 2179
1247 2188
1248 2176
1249 2185
1250 2180
1251 2191
1252 2178
1253 2184
1254 2180
1255 2183
1256 2179
1257 2182
1258 2176
1259 2188
1260 2182
1261 2187
1262 2176
1263 2185
1264 2177
1265 2185
1266 2176
1267 2177
1268 2174
1269 2177
1270 2173
1271 2177
1272 2168
1273 2174
1274 2166
1275 2178
1276 2170
1277 2177
1278 2172
1279 2179
1280 2173
1281 2180
1282 2173
1283 2182
1284 2173
1285 2180
1286 2167
1287 2181
1288 2171
1289 2177
1290 2170
1291 2177
1292 2164
1293 2172
1294 2166
1295 2175
1296 2167
1297 2175
1298 2166
1299 2171
1300 2167
1301 2175
1302 2164
1303 2175
1304 2163
1305 2172
1306 2166
1307 2174
1308 2168
1309 2176
1310 2172
1311 2179
1312 2166
1313 2179
1314 2168
1315 2175
1316 2168
1317 2170
1318 2164
1319 2169
1320 2164
1321 2165
1322 2154
1323 2160
1324 2150
1325 2158
1326 2152
1327 2154
1328 2147
1329 2155
1330 2147
1331 2156
1332 2150
1333 2153
1334 2147
1335 2154
1336 2148
1337 2153
1338 2146
1339 2154
1340 2146
1341 2154
1342 2145
1343 2159
1344 2144
1345 2155
1346 2150
1347 2157
1348 2146
1349 2154
1350 2145
1351 2154
1352 2146
1353 2150
1354 2140
1355 2151
1356 2142
1357 2149
1358 2144
1359 2145
1360 2139
1361 2144
1362 2138
1363 2144
1364 2132
1365 2139
1366 2129
1367 2136
1368 2124
1369 2133
1370 2125
1371 2135
1372 2125
1373 2128
1374 2124
1375 2128
1376 2120
1377 2123
1378 2121
1379 2131
1380 2120
1381 2128
1382 2121
1383 2120
1384 2119
1385 2126
1386 2119
1387 2122
1388 2117
1389 2123
1390 2116
1391 2126
1392 2111
1393 2120
1394 2117
1395 2121
1396 2117
1397 2122
1398 2112
1399 2121
1400 2113
1401 2118
1402 2108
1403 2117
1404 2112
1405 2117
1406 2109
1407 2116
1408 2107
1409 2114
1410 2107
1411 2114
1412 2106
1413 2111
1414 2104
1415 2114
1416 2107
1417 2106
1418 2102
1419 2108
1420 2104
1421 2110
1422 2105
1423 2107
1424 2103
1425 2112
1426 2104
1427 2110
1428 2106
1429 2110
1430 2104
1431 2117
1432 2100
1433 2113
1434 2104
1435 2108
1436 2106
1437 2109
1438 2105
1439 2107
1440 2101
1441 2109
1442 2100
1443 2108
1444 2097
1445 2107
1446 2099
1447 2105
1448 2097
1449 2103
1450 2097
1451 2101
1452 2092
1453 2102
1454 2093
1455 2095
1456 2091
1457 2102
1458 2089
1459 2093
1460 2087
1461 2088
1462 2084
1463 2086
1464 2079
1465 2092
1466 2082
1467 2087
1468 2080
1469 2083
1470 2081
1471 2083
1472 2079
1473 2083
1474 2076
1475 2081
1476 2077
1477 2083
1478 2076
1479 2082
1480 2072
1481 2085
1482 2077
1483 2081
1484 2074
1485 2084
1486 2077
1487 2081
1488 2073
1489 2083
1490 2075
1491 2084
1492 2076
1493 2082
1494 2074
1495 2077
1496 2074
1497 2079
1498 2073
1499 2078
1500 2075
1501 2079
1502 2068
1503 2083
1504 2067
1505 2079
1506 2069
1507 2074
1508 2070
1509 2073
1510 2069
1511 2071
1512 2066
1513 2070
1514 2063
1515 2069
1516 2057
1517 2061
1518 2057
1519 2063
1520 2057
1521 2063
1522 2057
1523 2061
1524 2052
1525 2060
1526 2051
1527 2058
1528 2051
1529 2056
1530 2054
1531 2060
1532 2051
1533 2062
1534 2058
1535 2067
1536 2053
1537 2063
1538 2055
1539 2068
1540 2062
1541 2065
1542 2061
1543 2069
1544 2060
1545 2069
1546 2060
1547 2071
1548 2057
1549 2067
1550 2058
1551 2065
1552 2050
1553 2060
1554 2051
1555 2057
1556 2052
1557 2055
1558 2045
1559 2054
1560 2045
1561 2045
1562 2043
1563 2051
1564 2043
1565 2042
1566 2040
1567 2046
1568 2039
1569 2043
1570 2034
1571 2039
1572 2033
1573 2039
1574 2036
1575 2041
1576 2034
1577 2035
1578 2029
1579 2038
1580 2025
1581 2035
1582 2026
1583 2033
1584 2023
1585 2030
1586 2028
1587 2033
1588 2029
1589 2034
1590 2028
1591 2039
1592 2029
1593 2040
1594 2033
1595 2041
1596 2038
1597 2044
1598 2041
1599 2041
1600 2038
1601 2043
1602 2039
1603 2050
1604 2040
1605 2051
1606 2043
1607 2050
1608 2045
1609 2042
1610 2042
1611 2047
1612 2038
1613 2046
1614 2042
1615 2050
1616 2032
1617 2047
1618 2040
1619 2046
1620 2044
1621 2049
1622 2045
1623 2050
1624 2050
1625 2055
1626 2050
1627 2060
1628 2054
1629 2061
1630 2055
1631 2062
1632 2058
1633 2063
1634 2057
1635 2067
1636 2059
1637 2067
1638 2060
1639 2067
1640 2061
1641 2067
1642 2060
1643 2066
1644 2059
1645 2064
1646 2057
1647 2065
1648 2055
1649 2063
1650 2054
1651 2061
1652 2051
1653 2060
1654 2052
1655 2061
1656 2052
1657 2061
1658 2054
1659 2059
1660 2054
1661 2056
1662 2053
1663 2056
1664 2050
1665 2057
1666 2047
1667 2055
1668 2047
1669 2052
1670 2040
1671 2052
1672 2039
1673 2044
1674 2038
1675 2044
1676 2038
1677 2040
1678 2036
1679 2041
1680 2029
1681 2037
1682 2025
1683 2036
1684 2027
1685 2032
1686 2024
1687 2030
1688 2023
1689 2032
1690 2024
1691 2032
1692 2027
1693 2034
1694 2024
1695 2034
1696 2026
1697 2035
1698 2030
1699 2037
1700 2030
1701 2037
1702 2033
1703 2039
1704 2034
1705 2043
1706 2037
1707 2046
1708 2038
1709 2046
1710 2039
1711 2046
1712 2039
1713 2046
1714 2043
1715 2054
1716 2044
1717 2053
1718 2047
1719 2054
1720 2047
1721 2056
1722 2051
1723 2065
1724 2058
1725 2067
1726 2058
1727 2068
1728 2056
1729 2066
1730 2062
1731 2069
1732 2062
1733 2070
1734 2064
1735 2070
1736 2061
1737 2068
1738 2060
1739 2071
1740 2060
1741 2065
1742 2059
1743 2066
1744 2055
1745 2062
1746 2051
1747 2059
1748 2050
1749 2056
1750 2046
1751 2047
1752 2038
1753 2045
1754 2040
1755 2041
1756 2035
1757 2037
1758 2031
1759 2040
1760 2029
1761 2034
1762 2029
1763 2037
1764 2031
1765 2034
1766 2027
1767 2036
1768 2032
1769 2036
1770 2029
1771 2038
1772 2032
1773 2037
1774 2027
1775 2035
1776 2031
1777 2036
1778 2029
1779 2036
1780 2027
1781 2032
1782 2022
1783 2031
1784 2021
1785 2025
1786 2019
1787 2026
1788 2015
1789 2025
1790 2018
1791 2019
1792 2012
1793 2017
1794 2010
1795 2018
1796 2011
1797 2016
1798 2010
1799 2013
1800 2009
1801 2012
1802 2001
1803 2014
1804 1999
1805 2003
1806 1998
1807 2004
1808 1995
1809 2003
1810 1993
1811 1999
1812 1990
1813 1992
1814 1987
1815 1994
1816 1979
1817 1988
1818 1981
1819 1990
1820 1979
1821 1985
1822 1980
1823 1984
1824 1977
1825 1986
1826 1982
1827 1988
1828 1978
1829 1991
1830 1979
1831 1989
1832 1980
1833 1986
1834 1982
1835 1987
1836 1981
1837 1986
1838 1983
1839 1986
1840 1976
1841 1983
1842 1976
1843 1979
1844 1975
1845 1979
1846 1970
1847 1978
1848 1973
1849 1973
1850 1971
1851 1980
1852 1964
1853 1978
1854 1970
1855 1975
1856 1966
1857 1974
1858 1971
1859 1973
1860 1968
1861 1973
1862 1966
1863 1973
1864 1965
1865 1971
1866 1961
1867 1968
1868 1957
1869 1965
1870 1960
1871 1966
1872 1958
1873 1969
1874 1960
1875 1966
1876 1958
1877 1968
1878 1960
1879 1965
1880 1955
1881 1965
1882 1956
1883 1964
1884 1955
1885 1961
1886 1954
1887 1959
1888 1954
1889 1961
1890 1953
1891 1958
1892 1952
1893 1957
1894 1946
1895 1956
1896 1945
1897 1954
1898 1946
1899 1953
1900 1950
1901 1953
1902 1947
1903 1954
1904 1945
1905 1955
1906 1946
1907 1954
1908 1946
1909 1951
1910 1948
1911 1952
1912 1940
1913 1949
1914 1943
1915 1948
1916 1940
1917 1946
1918 1936
1919 1942
1920 1934
1921 1935
1922 1929
1923 1934
1924 1925
1925 1932
1926 1924
1927 1927
1928 1922
1929 1925
1930 1919
1931 1926
1932 1916
1933 1922
1934 1913
1935 1919
1936 1908
1937 1916
1938 1909
1939 1915
1940 1910
1941 1913
1942 1907
1943 1912
1944 1904
1945 1910
1946 1901
1947 1907
1948 1903
1949 1907
1950 1902
1951 1907
1952 1896
1953 1907
1954 1898
1955 1906
1956 1897
1957 1906
1958 1897
1959 1904
1960 1895
1961 1902
1962 1899
1963 1902
1964 1894
1965 1896
1966 1895
1967 1899
1968 1892
1969 1900
1970 1889
1971 1900
1972 1894
1973 1899
1974 1894
1975 1900
1976 1897
1977 1901
1978 1899
1979 1903
1980 1899
1981 1905
1982 1901
1983 1907
1984 1897
1985 1910
1986 1900
1987 1907
1988 1899
1989 1908
1990 1901
1991 1904
1992 1900
1993 1903
1994 1899
1995 1900
1996 1895
1997 1898
1998 1892
1999 1900
2000 1889
2001 1898
2002 1887
2003 1900
2004 1890
2005 1899
2006 1895
2007 1895
2008 1891
2009 1896
2010 1890
2011 1896
2012 1886
2013 1894
2014 1885
2015 1893
2016 1881
2017 1891
2018 1880
2019 1886
2020 1880
2021 1884
2022 1878
2023 1884
2024 1876
2025 1881
2026 1874
2027 1880
2028 1872
2029 1878
2030 1871
2031 1878
2032 1869
2033 1874
2034 1866
2035 1874
2036 1870
2037 1873
2038 1866
2039 1873
2040 1864
2041 1873
2042 1867
2043 1875
2044 1866
2045 1874
2046 1868
2047 1872
2048 1865
2049 1876
2050 1868
2051 1876
2052 1869
2053 1877
2054 1870
2055 1877
2056 1869
2057 1875
2058 1869
2059 1873
2060 1869
2061 1872
2062 1865
2063 1874
2064 1868
2065 1877
2066 1869
2067 1876
2068 1871
2069 1874
2070 1871
2071 1880
2072 1868
2073 1875
2074 1874
2075 1881
2076 1874
2077 1883
2078 1875
2079 1881
2080 1874
2081 1883
2082 1875
2083 1884
2084 1875
2085 1884
2086 1874
2087 1880
2088 1875
2089 1883
2090 1879
2091 1879
2092 1875
2093 1879
2094 1871
2095 1876
2096 1869
2097 1878
2098 1864
2099 1877
2100 1869
2101 1869
2102 1864
2103 1867
2104 1860
2105 1867
2106 1861
2107 1866
2108 1860
2109 1868
2110 1860
2111 1864
2112 1857
2113 1865
2114 1856
2115 1864
2116 1854
2117 1859
2118 1850
2119 1860
2120 1851
2121 1859
2122 1849
2123 1855
2124 1850
2125 1854
2126 1850
2127 1854
2128 1845
2129 1853
2130 1847
2131 1852
2132 1846
2133 1848
2134 1843
2135 1850
2136 1838
2137 1847
2138 1837
2139 1847
2140 1837
2141 1844
2142 1837
2143 1843
2144 1836
2145 1842
2146 1837
2147 1841
2148 1835
2149 1842
2150 1834
2151 1843
2152 1835
2153 1843
2154 1837
2155 1841
2156 1834
2157 1842
2158 1831
2159 1842
2160 1832
2161 1837
2162 1832
2163 1832
2164 1830
2165 1833
2166 1828
2167 1832
2168 1826
2169 1831
2170 1821
2171 1828
2172 1821
2173 1827
2174 1821
2175 1825
2176 1816
2177 1824
2178 1817
2179 1826
2180 1816
2181 1823
2182 1818
2183 1823
2184 1819
2185 1825
2186 1820
2187 1827
2188 1820
2189 1831
2190 1826
2191 1830
2192 1824
2193 1832
2194 1827
2195 1832
2196 1828
2197 1834
2198 1825
2199 1834
2200 1823
2201 1835
2202 1826
2203 1833
2204 1828
2205 1831
2206 1823
2207 1830
2208 1824
2209 1829
2210 1822
2211 1828
2212 1818
2213 1826
2214 1817
2215 1823
2216 1815
2217 1821
2218 1814
2219 1821
2220 1815
2221 1819
2222 1815
2223 1820
2224 1811
2225 1819
2226 1811
2227 1816
2228 1811
2229 1814
2230 1808
2231 1813
2232 1806
2233 1813
2234 1807
2235 1814
2236 1807
2237 1810
2238 1808
2239 1808
2240 1805
2241 1813
2242 1805
2243 1815
2244 1804
2245 1814
2246 1806
2247 1813
2248 1810
2249 1814
2250 1810
2251 1815
2252 1812
2253 1818
2254 1812
2255 1819
2256 1812
2257 1823
2258 1812
2259 1823
2260 1818
2261 1822
2262 1815
2263 1822
2264 1820
2265 1822
2266 1816
2267 1827
2268 1814
2269 1826
2270 1813
2271 1823
2272 1815
2273 1822
2274 1818
2275 1821
2276 1819
2277 1823
2278 1817
2279 1823
2280 1815
2281 1823
2282 1814
2283 1821
2284 1814
2285 1819
2286 1814
2287 1818
2288 1812
2289 1822
2290 1813
2291 1819
2292 1810
2293 1816
2294 1809
2295 1816
2296 1807
2297 1814
2298 1805
2299 1813
2300 1806
2301 1812
2302 1805
2303 1810
2304 1805
2305 1813
2306 1806
2307 1815
2308 1808
2309 1814
2310 1806
2311 1811
2312 1806
2313 1812
2314 1809
2315 1817
2316 1809
2317 1820
2318 1813
2319 1818
2320 1814
2321 1821
2322 1814
2323 1822
2324 1814
2325 1822
2326 1815
2327 1821
2328 1812
2329 1822
2330 1814
2331 1822
2332 1815
2333 1821
2334 1813
2335 1821
2336 1814
2337 1821
2338 1815
2339 1823
2340 1816
2341 1824
2342 1816
2343 1825
2344 1815
2345 1823
2346 1813
2347 1819
2348 1812
2349 1821
2350 1812
2351 1820
2352 1813
2353 1822
2354 1817
2355 1825
2356 1815
2357 1823
2358 1818
2359 1826
2360 1815
2361 1826
2362 1815
2363 1819
2364 1814
2365 1819
2366 1817
2367 1816
2368 1810
2369 1819
2370 1809
2371 1820
2372 1811
2373 1818
2374 1813
2375 1818
2376 1815
2377 1821
2378 1816
2379 1822
2380 1816
2381 1826
2382 1825
2383 1829
2384 1825
2385 1830
2386 1822
2387 1830
2388 1825
2389 1830
2390 1824
2391 1832
2392 1821
2393 1833
2394 1829
2395 1834
2396 1826
2397 1835
2398 1826
2399 1836
2400 1828
2401 1840
2402 1829
2403 1842
2404 1835
2405 1841
2406 1840
2407 1846
2408 1840
2409 1846
2410 1843
2411 1850
2412 1840
2413 1850
2414 1843
2415 1853
2416 1843
2417 1853
2418 1847
2419 1853
2420 1846
2421 1851
2422 1844
2423 1849
2424 1840
2425 1845
2426 1838
2427 1841
2428 1832
2429 1838
2430 1837
2431 1836
2432 1833
2433 1838
2434 1832
2435 1840
2436 1836
2437 1837
2438 1833
2439 1836
2440 1831
2441 1834
2442 1831
2443 1836
2444 1834
2445 1839
2446 1834
2447 1840
2448 1834
2449 1843
2450 1839
2451 1846
2452 1838
2453 1845
2454 1839
2455 1846
2456 1839
2457 1846
2458 1839
2459 1845
2460 1840
2461 1852
2462 1842
2463 1849
2464 1843
2465 1850
2466 1845
2467 1854
2468 1848
2469 1854
2470 1847
2471 1857
2472 1850
2473 1856
2474 1850
2475 1853
2476 1850
2477 1855
2478 1851
2479 1855
2480 1846
2481 1856
2482 1849
2483 1857
2484 1848
2485 1858
2486 1848
2487 1851
2488 1846
2489 1851
2490 1844
2491 1849
2492 1841
2493 1847
2494 1839
2495 1844
2496 1840
2497 1844
2498 1839
2499 1846
2500 1840
2501 1849
2502 1839
2503 1846
2504 1838
2505 1849
2506 1844
2507 1849
2508 1843
2509 1852
2510 1844
2511 1853
2512 1844
2513 1856
2514 1848
2515 1854
2516 1845
2517 1854
2518 1848
2519 1854
2520 1849
2521 1854
2522 1849
2523 1857
2524 1850
2525 1859
2526 1851
2527 1857
2528 1847
2529 1859
2530 1848
2531 1856
2532 1850
2533 1857
2534 1850
2535 1854
2536 1852
2537 1857
2538 1851
2539 1855
2540 1848
2541 1854
2542 1851
2543 1858
2544 1847
2545 1858
2546 1849
2547 1856
2548 1851
2549 1857
2550 1850
2551 1858
2552 1845
2553 1853
2554 1843
2555 1851
2556 1843
2557 1843
2558 1841
2559 1847
2560 1839
2561 1846
2562 1837
2563 1846
2564 1836
2565 1844
2566 1839
2567 1844
2568 1839
2569 1842
2570 1837
2571 1847
2572 1838
2573 1843
2574 1836
2575 1846
2576 1836
2577 1844
2578 1841
2579 1842
2580 1840
2581 1846
2582 1840
2583 1846
2584 1837
2585 1847
2586 1841
2587 1847
2588 1839
2589 1840
2590 1838
2591 1841
2592 1833
2593 1839
2594 1835
2595 1841
2596 1835
2597 1842
2598 1829
2599 1840
2600 1832
2601 1839
2602 1831
2603 1841
2604 1831
2605 1841
2606 1833
2607 1840
2608 1833
2609 1841
2610 1832
2611 1839
2612 1833
2613 1839
2614 1833
2615 1838
2616 1832
2617 1839
2618 1832
2619 1838
2620 1834
2621 1838
2622 1834
2623 1837
2624 1831
2625 1841
2626 1833
2627 1842
2628 1835
2629 1842
2630 1833
2631 1842
2632 1835
2633 1838
2634 1832
2635 1837
2636 1831
2637 1835
2638 1829
2639 1835
2640 1825
2641 1834
2642 1826
2643 1834
2644 1824
2645 1832
2646 1824
2647 1830
2648 1825
2649 1830
2650 1822
2651 1830
2652 1823
2653 1831
2654 1822
2655 1832
2656 1821
2657 1831
2658 1822
2659 1830
2660 1825
2661 1829
2662 1824
2663 1833
2664 1824
2665 1832
2666 1826
2667 1833
2668 1827
2669 1833
2670 1825
2671 1830
2672 1823
2673 1829
2674 1823
2675 1826
2676 1822
2677 1827
2678 1823
2679 1828
2680 1820
2681 1828
2682 1820
2683 1826
2684 1821
2685 1826
2686 1820
2687 1823
2688 1822
2689 1825
2690 1818
2691 1827
2692 1820
2693 1824
2694 1817
2695 1824
2696 1815
2697 1823
2698 1817
2699 1820
2700 1815
2701 1824
2702 1814
2703 1822
2704 1814
2705 1821
2706 1814
2707 1821
2708 1815
2709 1817
2710 1810
2711 1816
2712 1810
2713 1818
2714 1810
2715 1816
2716 1810
2717 1818
2718 1809
2719 1817
2720 1808
2721 1813
2722 1805
2723 1811
2724 1806
2725 1810
2726 1808
2727 1813
2728 1806
2729 1816
2730 1809
2731 1812
2732 1808
2733 1814
2734 1809
2735 1814
2736 1810
2737 1814
2738 1810
2739 1819
2740 1809
2741 1815
2742 1811
2743 1818
2744 1811
2745 1818
2746 1811
2747 1817
2748 1809
2749 1815
2750 1808
2751 1816
2752 1805
2753 1814
2754 1807
2755 1814
2756 1805
2757 1814
2758 1807
2759 1815
2760 1809
2761 1816
2762 1806
2763 1812
2764 1808
2765 1814
2766 1810
2767 1812
2768 1808
2769 1811
2770 1808
2771 1813
2772 1805
2773 1813
2774 1804
2775 1813
2776 1807
2777 1810
2778 1807
2779 1812
2780 1807
2781 1813
2782 1808
2783 1814
2784 1808
2785 1819
2786 1806
2787 1817
2788 1808
2789 1818
2790 1809
2791 1817
2792 1811
2793 1820
2794 1814
2795 1822
2796 1816
2797 1820
2798 1819
2799 1819
2800 1816
2801 1823
2802 1814
2803 1822
2804 1819
2805 1823
2806 1820
2807 1824
2808 1817
2809 1826
2810 1817
2811 1825
2812 1817
2813 1825
2814 1817
2815 1824
2816 1818
2817 1824
2818 1818
2819 1822
2820 1815
2821 1822
2822 1813
2823 1822
2824 1811
2825 1819
2826 1813
2827 1816
2828 1810
2829 1816
2830 1810
2831 1814
2832 1805
2833 1811
2834 1809
2835 1811
2836 1804
2837 1810
2838 1802
2839 1811
2840 1799
2841 1809
2842 1801
2843 1807
2844 1801
2845 1808
2846 1801
2847 1807
2848 1800
2849 1807
2850 1798
2851 1808
2852 1799
2853 1805
2854 1800
2855 1806
2856 1799
2857 1803
2858 1801
2859 1805
2860 1799
2861 1805
2862 1796
2863 1802
2864 1795
2865 1805
2866 1796
2867 1803
2868 1796
2869 1802
2870 1797
2871 1802
2872 1794
2873 1802
2874 1794
2875 1800
2876 1795
2877 1799
2878 1795
2879 1799
2880 1791
2881 1797
2882 1790
2883 1800
2884 1792
2885 1798
2886 1792
2887 1796
2888 1796
2889 1798
2890 1797
2891 1799
2892 1793
2893 1801
2894 1795
2895 1799
2896 1792
2897 1797
2898 1792
2899 1798
2900 1795
2901 1799
2902 1792
2903 1798
2904 1791
2905 1799
2906 1791
2907 1799
2908 1791
2909 1796
2910 1791
2911 1795
2912 1786
2913 1793
2914 1789
2915 1796
2916 1789
2917 1797
2918 1790
2919 1797
2920 1790
2921 1794
2922 1787
2923 1794
2924 1787
2925 1795
2926 1787
2927 1795
2928 1786
2929 1792
2930 1786
2931 1791
2932 1786
2933 1788
2934 1783
2935 1788
2936 1780
2937 1786
2938 1777
2939 1784
2940 1776
2941 1782
2942 1777
2943 1780
2944 1775
2945 1780
2946 1774
2947 1778
2948 1773
2949 1777
2950 1771
2951 1777
2952 1773
2953 1776
2954 1774
2955 1777
2956 1771
2957 1778
2958 1771
2959 1779
2960 1770
2961 1777
2962 1769
2963 1776
2964 1771
2965 1775
2966 1769
2967 1775
2968 1768
2969 1774
2970 1767
2971 1772
2972 1765
2973 1769
2974 1764
2975 1769
2976 1763
2977 1769
2978 1761
2979 1769
2980 1761
2981 1768
2982 1762
2983 1767
2984 1762
2985 1767
2986 1762
2987 1767
2988 1766
2989 1770
2990 1765
2991 1773
2992 1764
2993 1771
2994 1765
2995 1771
2996 1766
2997 1770
2998 1766
2999 1771
3000 1764
3001 1769
3002 1760
3003 1767
3004 1760
3005 1765
3006 1758
3007 1764
3008 1757
3009 1762
3010 1755
3011 1762
3012 1754
3013 1761
3014 1755
3015 1761
3016 1754
3017 1760
3018 1755
3019 1760
3020 1753
3021 1759
3022 1751
3023 1758
3024 1748
3025 1756
3026 1749
3027 1755
3028 1749
3029 1752
3030 1748
3031 1751
3032 1746
3033 1752
3034 1746
3035 1752
3036 1746
3037 1751
3038 1745
3039 1751
3040 1745
3041 1750
3042 1744
3043 1748
3044 1745
3045 1748
3046 1745
3047 1749
3048 1743
3049 1748
3050 1742
3051 1750
3052 1741
3053 1748
3054 1742
3055 1748
3056 1741
3057 1746
3058 1740
3059 1747
3060 1742
3061 1748
3062 1742
3063 1749
3064 1745
3065 1751
3066 1745
3067 1752
3068 1746
3069 1751
3070 1746
3071 1749
3072 1746
3073 1751
3074 1745
3075 1753
3076 1749
3077 1753
3078 1749
3079 1754
3080 1749
3081 1754
3082 1749
3083 1755
3084 1748
3085 1755
3086 1748
3087 1753
3088 1746
3089 1752
3090 1745
3091 1752
3092 1746
3093 1752
3094 1746
3095 1750
3096 1744
3097 1749
3098 1743
3099 1748
3100 1742
3101 1747
3102 1743
3103 1746
3104 1741
3105 1747
3106 1740
3107 1746
3108 1739
3109 1744
3110 1739
3111 1743
3112 1739
3113 1744
3114 1740
3115 1742
3116 1740
3117 1743
3118 1738
3119 1743
3120 1736
3121 1742
3122 1734
3123 1740
3124 1732
3125 1739
3126 1733
3127 1737
3128 1733
3129 1737
3130 1731
3131 1736
3132 1728
3133 1735
3134 1729
3135 1735
3136 1730
3137 1734
3138 1729
3139 1733
3140 1729
3141 1735
3142 1731
3143 1735
3144 1729
3145 1736
3146 1730
3147 1735
3148 1730
3149 1734
3150 1730
3151 1735
3152 1729
3153 1734
3154 1728
3155 1736
3156 1729
3157 1735
3158 1729
3159 1734
3160 1728
3161 1735
3162 1727
3163 1735
3164 1729
3165 1734
3166 1729
3167 1734
3168 1726
3169 1734
3170 1727
3171 1733
3172 1727
3173 1731
3174 1727
3175 1731
3176 1727
3177 1731
3178 1725
3179 1731
3180 1725
3181 1730
3182 1723
3183 1729
3184 1721
3185 1728
3186 1721
3187 1726
3188 1721
3189 1725
3190 1719
3191 1723
3192 1718
3193 1721
3194 1715
3195 1718
3196 1713
3197 1717
3198 1711
3199 1716
3200 1711
3201 1717
3202 1711
3203 1715
3204 1711
3205 1716
3206 1711
3207 1716
3208 1713
3209 1717
3210 1714
3211 1719
3212 1714
3213 1720
3214 1714
3215 1720
3216 1714
3217 1719
3218 1714
3219 1718
3220 1712
3221 1717
3222 1711
3223 1715
3224 1708
3225 1714
3226 1706
3227 1711
3228 1705
3229 1710
3230 1703
3231 1708
3232 1701
3233 1707
3234 1701
3235 1706
3236 1700
3237 1705
3238 1701
3239 1706
3240 1702
3241 1706
3242 1702
3243 1706
3244 1702
3245 1706
3246 1701
3247 1706
3248 1701
3249 1705
3250 1702
3251 1707
3252 1702
3253 1705
3254 1703
3255 1705
3256 1701
3257 1706
3258 1701
3259 1706
3260 1701
3261 1708
3262 1702
3263 1707
3264 1703
3265 1707
3266 1703
3267 1708
3268 1703
3269 1708
3270 1703
3271 1708
3272 1701
3273 1707
3274 1702
3275 1707
3276 1701
3277 1705
3278 1700
3279 1705
3280 1700
3281 1704
3282 1700
3283 1705
3284 1699
3285 1705
3286 1699
3287 1704
3288 1699
3289 1704
3290 1697
3291 1703
3292 1695
3293 1703
3294 1694
3295 1701
3296 1694
3297 1699
3298 1692
3299 1698
3300 1691
3301 1698
3302 1691
3303 1698
3304 1691
3305 1697
3306 1691
3307 1696
3308 1689
3309 1695
3310 1690
3311 1694
3312 1689
3313 1694
3314 1689
3315 1694
3316 1690
3317 1695
3318 1690
3319 1694
3320 1692
3321 1695
3322 1690
3323 1695
3324 1691
3325 1695
3326 1691
3327 1694
3328 1690
3329 1694
3330 1688
3331 1694
3332 1687
3333 1692
3334 1687
3335 1692
3336 1685
3337 1690
3338 1686
3339 1690
3340 1684
3341 1689
3342 1683
3343 1687
3344 1682
3345 1687
3346 1680
3347 1685
3348 1678
3349 1683
3350 1677
3351 1683
3352 1676
3353 1682
3354 1676
3355 1682
3356 1676
3357 1681
3358 1676
3359 1681
3360 1676
3361 1680
3362 1676
3363 1681
3364 1676
3365 1681
3366 1678
3367 1682
3368 1677
3369 1682
3370 1677
3371 1681
3372 1677
3373 1681
3374 1676
3375 1680
3376 1678
3377 1681
3378 1677
3379 1682
3380 1676
3381 1681
3382 1676
3383 1680
3384 1675
3385 1679
3386 1674
3387 1678
3388 1674
3389 1679
3390 1675
3391 1678
3392 1674
3393 1678
3394 1673
3395 1678
3396 1673
3397 1678
3398 1672
3399 1678
3400 1672
3401 1678
3402 1671
3403 1677
3404 1672
3405 1677
3406 1671
3407 1676
3408 1670
3409 1675
3410 1669
3411 1674
3412 1667
3413 1673
3414 1667
3415 1673
3416 1666
3417 1672
3418 1666
3419 1671
3420 1666
3421 1670
3422 1665
3423 1669
3424 1665
3425 1669
3426 1665
3427 1669
3428 1664
3429 1669
3430 1663
3431 1668
3432 1663
3433 1668
3434 1662
3435 1667
3436 1662
3437 1666
3438 1662
3439 1667
3440 1661
3441 1666
3442 1660
3443 1665
3444 1660
3445 1664
3446 1659
3447 1664
3448 1659
3449 1664
3450 1659
3451 1665
3452 1658
3453 1664
3454 1658
3455 1663
3456 1658
3457 1663
3458 1656
3459 1662
3460 1657
3461 1661
3462 1655
3463 1660
3464 1655
3465 1660
3466 1655
3467 1659
3468 1654
3469 1659
3470 1653
3471 1659
3472 1652
3473 1657
3474 1652
3475 1656
3476 1651
3477 1655
3478 1650
3479 1654
3480 1648
3481 1653
3482 1648
3483 1652
3484 1647
3485 1651
3486 1645
3487 1649
3488 1644
3489 1650
3490 1643
3491 1649
3492 1643
3493 1648
3494 1642
3495 1647
3496 1642
3497 1646
3498 1641
3499 1646
3500 1640
3501 1647
3502 1641
3503 1645
3504 1641
3505 1644
3506 1641
3507 1644
3508 1640
3509 1644
3510 1640
3511 1643
3512 1639
3513 1643
3514 1639
3515 1643
3516 1639
3517 1643
3518 1637
3519 1642
3520 1638
3521 1642
3522 1637
3523 1642
3524 1637
3525 1641
3526 1637
3527 1641
3528 1636
3529 1641
3530 1636
3531 1640
3532 1635
3533 1639
3534 1635
3535 1638
3536 1634
3537 1637
3538 1632
3539 1637
3540 1632
3541 1637
3542 1632
3543 1637
3544 1632
3545 1636
3546 1631
3547 1635
3548 1631
3549 1635
3550 1630
3551 1635
3552 1630
3553 1635
3554 1630
3555 1634
3556 1629
3557 1633
3558 1629
3559 1633
3560 1628
3561 1632
3562 1627
3563 1632
3564 1628
3565 1632
3566 1627
3567 1632
3568 1626
3569 1631
3570 1626
3571 1630
3572 1626
3573 1631
3574 1625
3575 1630
3576 1626
3577 1629
3578 1625
3579 1629
3580 1625
3581 1629
3582 1625
3583 1629
3584 1624
3585 1628
3586 1624
3587 1628
3588 1624
3589 1628
3590 1624
3591 1628
3592 1624
3593 1628
3594 1624
3595 1628
3596 1623
3597 1628
3598 1624
3599 1628
3600 1623
3601 1628
3602 1622
3603 1627
3604 1623
3605 1627
3606 1622
3607 1627
3608 1622
3609 1626
3610 1622
3611 1626
3612 1621
3613 1625
3614 1621
3615 1625
3616 1620
3617 1624
3618 1620
3619 1624
3620 1619
3621 1623
3622 1619
3623 1623
3624 1618
3625 1624
3626 1620
3627 1622
3628 1620
3629 1622
3630 1619
3631 1622
3632 1619
3633 1622
3634 1619
3635 1622
3636 1619
3637 1621
3638 1618
3639 1621
3640 1619
3641 1622
3642 1619
3643 1622
3644 1619
3645 1622
3646 1619
3647 1622
3648 1619
3649 1622
3650 1619
3651 1623
3652 1619
3653 1622
3654 1619
3655 1622
3656 1619
3657 1622
3658 1618
3659 1622
3660 1618
3661 1622
3662 1617
3663 1621
3664 1618
3665 1621
3666 1617
3667 1621
3668 1617
3669 1621
3670 1618
3671 1622
3672 1618
3673 1621
3674 1617
3675 1621
3676 1618
3677 1620
3678 1617
3679 1620
3680 1616
3681 1621
3682 1616
3683 1620
3684 1616
3685 1620
3686 1616
3687 1891
3688 2640
3689 3661
3690 3660
3691 3664
3692 3660
3693 3663
3694 3660
