#Data from the TCD1304 linear CCD
#column 1 = pixelnumber,  column 2 = pixelvalue
#Pixel 1-32 and 3679-3694 and are dummy pixels
#SH-period: 100    ICG-period: 2000000    Integration time: 50 us
1 1027 
2 411 
3 561 
4 690 
5 782 
6 851 
7 901 
8 935 
9 957 
10 978 
11 1002 
12 1012 
13 1019 
14 1026 
15 1027 
16 1024 
17 1030 
18 1028 
19 1023 
20 1028 
21 1027 
22 1027 
23 1033 
24 1025 
25 1033 
26 1005 
27 1049 
28 1034 
29 1035 
30 1029 
31 1027 
32 1035 
33 1035 
34 1031 
35 1030 
36 1020 
37 1031 
38 1034 
39 1022 
40 1030 
41 1021 
42 1031 
43 1026 
44 1025 
45 1034 
46 1025 
47 1035 
48 1030 
49 1029 
50 1029 
51 1006 
52 1045 
53 1031 
54 1028 
55 1026 
56 1033 
57 1025 
58 1038 
59 1031 
60 1028 
61 1029 
62 1019 
63 1027 
64 1028 
65 1030 
66 1038 
67 1029 
68 1023 
69 1033 
70 1021 
71 1024 
72 1023 
73 1029 
74 1032 
75 1031 
76 1008 
77 1050 
78 1044 
79 1032 
80 1029 
81 1028 
82 1030 
83 1025 
84 1024 
85 1023 
86 1028 
87 1038 
88 1030 
89 1029 
90 1030 
91 1028 
92 1029 
93 1032 
94 1024 
95 1030 
96 1029 
97 1034 
98 1025 
99 1027 
100 1032 
101 1007 
102 1049 
103 1031 
104 1028 
105 1027 
106 1034 
107 1032 
108 1037 
109 1030 
110 1028 
111 1033 
112 1031 
113 1024 
114 1036 
115 1025 
116 1025 
117 1033 
118 1026 
119 1032 
120 1029 
121 1027 
122 1029 
123 1027 
124 1025 
125 1032 
126 1017 
127 1041 
128 1028 
129 1026 
130 1032 
131 1030 
132 1031 
133 1031 
134 1029 
135 1023 
136 1030 
137 1034 
138 1031 
139 1030 
140 1029 
141 1024 
142 1024 
143 1033 
144 1030 
145 1028 
146 1036 
147 1030 
148 1025 
149 1030 
150 1029 
151 1008 
152 1042 
153 1036 
154 1035 
155 1028 
156 1030 
157 1032 
158 1030 
159 1032 
160 1026 
161 1034 
162 1026 
163 1031 
164 1027 
165 1034 
166 1029 
167 1028 
168 1028 
169 1025 
170 1027 
171 1031 
172 1018 
173 1033 
174 1038 
175 1022 
176 1012 
177 1046 
178 1033 
179 1024 
180 1023 
181 1027 
182 1027 
183 1019 
184 1034 
185 1031 
186 1024 
187 1029 
188 1028 
189 1028 
190 1030 
191 1027 
192 1029 
193 1027 
194 1027 
195 1022 
196 1027 
197 1029 
198 1030 
199 1030 
200 1031 
201 1012 
202 1044 
203 1028 
204 1033 
205 1020 
206 1027 
207 1033 
208 1026 
209 1024 
210 1026 
211 1027 
212 1028 
213 1034 
214 1027 
215 1032 
216 1026 
217 1029 
218 1026 
219 1027 
220 1019 
221 1032 
222 1035 
223 1031 
224 1031 
225 1036 
226 1007 
227 1053 
228 1035 
229 1028 
230 1026 
231 1032 
232 1035 
233 1019 
234 1027 
235 1025 
236 1027 
237 1029 
238 1038 
239 1027 
240 1026 
241 1032 
242 1033 
243 1027 
244 1026 
245 1027 
246 1031 
247 1028 
248 1031 
249 1026 
250 1025 
251 1015 
252 1043 
253 1031 
254 1024 
255 1025 
256 1030 
257 1032 
258 1026 
259 1031 
260 1027 
261 1033 
262 1029 
263 1028 
264 1026 
265 1025 
266 1033 
267 1022 
268 1021 
269 1030 
270 1029 
271 1034 
272 1028 
273 1020 
274 1028 
275 1027 
276 1010 
277 1052 
278 1037 
279 1032 
280 1031 
281 1027 
282 1024 
283 1031 
284 1035 
285 1027 
286 1032 
287 1023 
288 1030 
289 1027 
290 1029 
291 1028 
292 1030 
293 1029 
294 1031 
295 1020 
296 1029 
297 1036 
298 1025 
299 1026 
300 1028 
301 1006 
302 1044 
303 1035 
304 1034 
305 1029 
306 1030 
307 1020 
308 1032 
309 1033 
310 1024 
311 1043 
312 1032 
313 1030 
314 1025 
315 1022 
316 1031 
317 1028 
318 1025 
319 1034 
320 1030 
321 1027 
322 1030 
323 1031 
324 1027 
325 1032 
326 1017 
327 1043 
328 1024 
329 1034 
330 1026 
331 1031 
332 1035 
333 1027 
334 1021 
335 1032 
336 1023 
337 1031 
338 1029 
339 1027 
340 1027 
341 1034 
342 1025 
343 1023 
344 1026 
345 1031 
346 1029 
347 1028 
348 1024 
349 1028 
350 1031 
351 1006 
352 1044 
353 1035 
354 1029 
355 1031 
356 1027 
357 1027 
358 1035 
359 1028 
360 1030 
361 1039 
362 1028 
363 1028 
364 1025 
365 1028 
366 1027 
367 1025 
368 1019 
369 1032 
370 1025 
371 1023 
372 1031 
373 1032 
374 1023 
375 1027 
376 1009 
377 1048 
378 1044 
379 1035 
380 1026 
381 1034 
382 1028 
383 1023 
384 1028 
385 1028 
386 1036 
387 1025 
388 1024 
389 1029 
390 1030 
391 1036 
392 1024 
393 1029 
394 1023 
395 1031 
396 1025 
397 1030 
398 1020 
399 1031 
400 1028 
401 1007 
402 1045 
403 1040 
404 1032 
405 1029 
406 1024 
407 1024 
408 1024 
409 1031 
410 1028 
411 1026 
412 1027 
413 1030 
414 1035 
415 1030 
416 1024 
417 1025 
418 1032 
419 1025 
420 1029 
421 1027 
422 1022 
423 1032 
424 1025 
425 1025 
426 1009 
427 1054 
428 1046 
429 1040 
430 1034 
431 1026 
432 1026 
433 1025 
434 1030 
435 1024 
436 1025 
437 1030 
438 1027 
439 1028 
440 1020 
441 1020 
442 1033 
443 1024 
444 1020 
445 1038 
446 1032 
447 1023 
448 1036 
449 1027 
450 1025 
451 1010 
452 1039 
453 1030 
454 1031 
455 1023 
456 1024 
457 1027 
458 1026 
459 1026 
460 1024 
461 1034 
462 1027 
463 1035 
464 1031 
465 1031 
466 1025 
467 1029 
468 1030 
469 1036 
470 1024 
471 1025 
472 1029 
473 1031 
474 1029 
475 1026 
476 1005 
477 1039 
478 1018 
479 1038 
480 1030 
481 1032 
482 1027 
483 1033 
484 1035 
485 1039 
486 1033 
487 1028 
488 1022 
489 1022 
490 1030 
491 1032 
492 1027 
493 1029 
494 1030 
495 1029 
496 1036 
497 1032 
498 1029 
499 1027 
500 1031 
501 1014 
502 1042 
503 1033 
504 1034 
505 1027 
506 1028 
507 1029 
508 1030 
509 1024 
510 1031 
511 1024 
512 1028 
513 1027 
514 1024 
515 1033 
516 1025 
517 1037 
518 1027 
519 1029 
520 1033 
521 1020 
522 1020 
523 1025 
524 1030 
525 1023 
526 1011 
527 1039 
528 1030 
529 1032 
530 1024 
531 1028 
532 1023 
533 1031 
534 1027 
535 1024 
536 1025 
537 1034 
538 1026 
539 1028 
540 1029 
541 1021 
542 1026 
543 1031 
544 1026 
545 1035 
546 1028 
547 1029 
548 1033 
549 1024 
550 1026 
551 1009 
552 1043 
553 1031 
554 1038 
555 1026 
556 1019 
557 1035 
558 1023 
559 1025 
560 1033 
561 1020 
562 1029 
563 1034 
564 1024 
565 1032 
566 1034 
567 1029 
568 1035 
569 1036 
570 1028 
571 1026 
572 1032 
573 1028 
574 1035 
575 1033 
576 1008 
577 1046 
578 1033 
579 1036 
580 1030 
581 1033 
582 1022 
583 1025 
584 1034 
585 1025 
586 1031 
587 1029 
588 1028 
589 1034 
590 1020 
591 1029 
592 1023 
593 1028 
594 1032 
595 1031 
596 1031 
597 1028 
598 1026 
599 1029 
600 1033 
601 1000 
602 1048 
603 1034 
604 1032 
605 1027 
606 1032 
607 1027 
608 1024 
609 1024 
610 1031 
611 1033 
612 1018 
613 1026 
614 1030 
615 1030 
616 1028 
617 1029 
618 1022 
619 1035 
620 1028 
621 1030 
622 1032 
623 1028 
624 1034 
625 1025 
626 1009 
627 1044 
628 1031 
629 1025 
630 1027 
631 1029 
632 1026 
633 1034 
634 1024 
635 1031 
636 1030 
637 1033 
638 1031 
639 1029 
640 1028 
641 1020 
642 1024 
643 1024 
644 1024 
645 1032 
646 1025 
647 1030 
648 1028 
649 1025 
650 1030 
651 1019 
652 1046 
653 1037 
654 1037 
655 1031 
656 1016 
657 1031 
658 1022 
659 1034 
660 1030 
661 1022 
662 1032 
663 1027 
664 1028 
665 1027 
666 1025 
667 1031 
668 1026 
669 1031 
670 1029 
671 1030 
672 1030 
673 1032 
674 1030 
675 1025 
676 1015 
677 1049 
678 1032 
679 1035 
680 1031 
681 1033 
682 1030 
683 1024 
684 1034 
685 1030 
686 1034 
687 1032 
688 1031 
689 1020 
690 1035 
691 1025 
692 1028 
693 1031 
694 1029 
695 1017 
696 1030 
697 1028 
698 1034 
699 1033 
700 1030 
701 1006 
702 1044 
703 1035 
704 1035 
705 1026 
706 1018 
707 1030 
708 1028 
709 1032 
710 1022 
711 1031 
712 1024 
713 1024 
714 1029 
715 1030 
716 1026 
717 1030 
718 1022 
719 1030 
720 1033 
721 1028 
722 1027 
723 1027 
724 1026 
725 1023 
726 1008 
727 1042 
728 1037 
729 1039 
730 1028 
731 1032 
732 1027 
733 1023 
734 1036 
735 1037 
736 1026 
737 1030 
738 1021 
739 1024 
740 1031 
741 1032 
742 1030 
743 1025 
744 1027 
745 1032 
746 1027 
747 1030 
748 1029 
749 1034 
750 1031 
751 1010 
752 1045 
753 1036 
754 1031 
755 1029 
756 1029 
757 1025 
758 1031 
759 1027 
760 1030 
761 1035 
762 1030 
763 1020 
764 1037 
765 1030 
766 1029 
767 1028 
768 1028 
769 1030 
770 1031 
771 1032 
772 1029 
773 1028 
774 1030 
775 1033 
776 1003 
777 1041 
778 1039 
779 1033 
780 1024 
781 1027 
782 1025 
783 1038 
784 1029 
785 1030 
786 1032 
787 1027 
788 1024 
789 1024 
790 1029 
791 1031 
792 1026 
793 1017 
794 1027 
795 1027 
796 1035 
797 1030 
798 1021 
799 1033 
800 1033 
801 1004 
802 1043 
803 1026 
804 1030 
805 1028 
806 1027 
807 1035 
808 1033 
809 1030 
810 1024 
811 1031 
812 1031 
813 1029 
814 1026 
815 1027 
816 1037 
817 1029 
818 1022 
819 1036 
820 1027 
821 1033 
822 1026 
823 1032 
824 1034 
825 1029 
826 1008 
827 1049 
828 1035 
829 1032 
830 1031 
831 1029 
832 1023 
833 1031 
834 1030 
835 1028 
836 1029 
837 1034 
838 1030 
839 1029 
840 1026 
841 1028 
842 1029 
843 1022 
844 1026 
845 1033 
846 1031 
847 1022 
848 1037 
849 1026 
850 1035 
851 1012 
852 1045 
853 1030 
854 1033 
855 1022 
856 1030 
857 1029 
858 1031 
859 1027 
860 1031 
861 1031 
862 1021 
863 1031 
864 1028 
865 1024 
866 1030 
867 1024 
868 1029 
869 1029 
870 1033 
871 1031 
872 1025 
873 1030 
874 1029 
875 1027 
876 1008 
877 1041 
878 1024 
879 1024 
880 1028 
881 1025 
882 1028 
883 1029 
884 1024 
885 1028 
886 1030 
887 1028 
888 1025 
889 1034 
890 1027 
891 1028 
892 1029 
893 1030 
894 1024 
895 1028 
896 1032 
897 1027 
898 1024 
899 1028 
900 1026 
901 1011 
902 1049 
903 1032 
904 1027 
905 1031 
906 1035 
907 1031 
908 1026 
909 1033 
910 1030 
911 1027 
912 1028 
913 1030 
914 1032 
915 1026 
916 1024 
917 1032 
918 1030 
919 1031 
920 1032 
921 1031 
922 1028 
923 1029 
924 1022 
925 1034 
926 1008 
927 1044 
928 1038 
929 1031 
930 1027 
931 1028 
932 1028 
933 1033 
934 1032 
935 1027 
936 1028 
937 1027 
938 1030 
939 1033 
940 1024 
941 1032 
942 1023 
943 1034 
944 1027 
945 1026 
946 1026 
947 1024 
948 1029 
949 1035 
950 1028 
951 1015 
952 1048 
953 1031 
954 1031 
955 1029 
956 1021 
957 1036 
958 1024 
959 1029 
960 1020 
961 1030 
962 1026 
963 1031 
964 1030 
965 1028 
966 1030 
967 1026 
968 1027 
969 1025 
970 1027 
971 1025 
972 1023 
973 1030 
974 1027 
975 1024 
976 1009 
977 1045 
978 1035 
979 1033 
980 1037 
981 1030 
982 1025 
983 1022 
984 1030 
985 1027 
986 1033 
987 1028 
988 1033 
989 1022 
990 1027 
991 1031 
992 1032 
993 1029 
994 1032 
995 1015 
996 1033 
997 1033 
998 1028 
999 1023 
1000 1032 
1001 1011 
1002 1050 
1003 1040 
1004 1031 
1005 1021 
1006 1028 
1007 1024 
1008 1028 
1009 1023 
1010 1029 
1011 1027 
1012 1027 
1013 1026 
1014 1036 
1015 1020 
1016 1034 
1017 1034 
1018 1022 
1019 1030 
1020 1031 
1021 1028 
1022 1027 
1023 1024 
1024 1021 
1025 1029 
1026 1009 
1027 1052 
1028 1037 
1029 1024 
1030 1028 
1031 1027 
1032 1032 
1033 1027 
1034 1036 
1035 1027 
1036 1030 
1037 1029 
1038 1034 
1039 1026 
1040 1031 
1041 1027 
1042 1024 
1043 1025 
1044 1029 
1045 1025 
1046 1029 
1047 1029 
1048 1034 
1049 1034 
1050 1025 
1051 1012 
1052 1043 
1053 1032 
1054 1035 
1055 1031 
1056 1026 
1057 1032 
1058 1026 
1059 1032 
1060 1025 
1061 1040 
1062 1023 
1063 1027 
1064 1034 
1065 1020 
1066 1040 
1067 1029 
1068 1031 
1069 1027 
1070 1035 
1071 1030 
1072 1028 
1073 1026 
1074 1027 
1075 1034 
1076 1007 
1077 1047 
1078 1036 
1079 1034 
1080 1024 
1081 1034 
1082 1025 
1083 1032 
1084 1030 
1085 1030 
1086 1025 
1087 1031 
1088 1029 
1089 1023 
1090 1031 
1091 1027 
1092 1025 
1093 1028 
1094 1030 
1095 1032 
1096 1031 
1097 1029 
1098 1027 
1099 1029 
1100 1023 
1101 1012 
1102 1039 
1103 1028 
1104 1033 
1105 1025 
1106 1030 
1107 1028 
1108 1018 
1109 1027 
1110 1033 
1111 1029 
1112 1030 
1113 1025 
1114 1026 
1115 1030 
1116 1022 
1117 1028 
1118 1025 
1119 1030 
1120 1028 
1121 1029 
1122 1027 
1123 1034 
1124 1028 
1125 1024 
1126 1009 
1127 1044 
1128 1036 
1129 1028 
1130 1034 
1131 1028 
1132 1026 
1133 1025 
1134 1027 
1135 1029 
1136 1032 
1137 1030 
1138 1024 
1139 1022 
1140 1025 
1141 1026 
1142 1039 
1143 1024 
1144 1032 
1145 1031 
1146 1022 
1147 1030 
1148 1032 
1149 1029 
1150 1026 
1151 1010 
1152 1037 
1153 1024 
1154 1028 
1155 1029 
1156 1017 
1157 1031 
1158 1026 
1159 1021 
1160 1026 
1161 1022 
1162 1028 
1163 1028 
1164 1030 
1165 1027 
1166 1029 
1167 1031 
1168 1026 
1169 1028 
1170 1025 
1171 1023 
1172 1030 
1173 1040 
1174 1030 
1175 1022 
1176 1017 
1177 1048 
1178 1031 
1179 1040 
1180 1026 
1181 1029 
1182 1027 
1183 1020 
1184 1022 
1185 1030 
1186 1024 
1187 1029 
1188 1027 
1189 1028 
1190 1029 
1191 1028 
1192 1029 
1193 1036 
1194 1030 
1195 1025 
1196 1026 
1197 1022 
1198 1027 
1199 1026 
1200 1026 
1201 1009 
1202 1040 
1203 1031 
1204 1031 
1205 1032 
1206 1026 
1207 1026 
1208 1033 
1209 1029 
1210 1036 
1211 1024 
1212 1029 
1213 1029 
1214 1029 
1215 1022 
1216 1029 
1217 1027 
1218 1023 
1219 1036 
1220 1027 
1221 1029 
1222 1030 
1223 1025 
1224 1023 
1225 1031 
1226 1013 
1227 1037 
1228 1030 
1229 1035 
1230 1032 
1231 1026 
1232 1026 
1233 1028 
1234 1033 
1235 1030 
1236 1026 
1237 1028 
1238 1030 
1239 1026 
1240 1028 
1241 1031 
1242 1028 
1243 1030 
1244 1022 
1245 1029 
1246 1028 
1247 1022 
1248 1018 
1249 1033 
1250 1034 
1251 1003 
1252 1044 
1253 1036 
1254 1029 
1255 1031 
1256 1026 
1257 1027 
1258 1030 
1259 1027 
1260 1029 
1261 1024 
1262 1027 
1263 1027 
1264 1038 
1265 1026 
1266 1025 
1267 1029 
1268 1028 
1269 1026 
1270 1027 
1271 1031 
1272 1030 
1273 1030 
1274 1028 
1275 1026 
1276 1011 
1277 1045 
1278 1035 
1279 1028 
1280 1027 
1281 1024 
1282 1028 
1283 1020 
1284 1026 
1285 1030 
1286 1023 
1287 1029 
1288 1030 
1289 1027 
1290 1031 
1291 1020 
1292 1026 
1293 1024 
1294 1029 
1295 1035 
1296 1030 
1297 1029 
1298 1027 
1299 1029 
1300 1023 
1301 1018 
1302 1041 
1303 1037 
1304 1042 
1305 1030 
1306 1032 
1307 1027 
1308 1025 
1309 1029 
1310 1028 
1311 1027 
1312 1027 
1313 1019 
1314 1024 
1315 1033 
1316 1021 
1317 1025 
1318 1029 
1319 1034 
1320 1021 
1321 1025 
1322 1030 
1323 1031 
1324 1026 
1325 1026 
1326 1008 
1327 1044 
1328 1034 
1329 1029 
1330 1035 
1331 1025 
1332 1025 
1333 1032 
1334 1029 
1335 1023 
1336 1031 
1337 1030 
1338 1021 
1339 1035 
1340 1031 
1341 1026 
1342 1040 
1343 1025 
1344 1027 
1345 1027 
1346 1024 
1347 1029 
1348 1022 
1349 1028 
1350 1031 
1351 1014 
1352 1049 
1353 1036 
1354 1032 
1355 1018 
1356 1030 
1357 1035 
1358 1019 
1359 1031 
1360 1028 
1361 1028 
1362 1028 
1363 1029 
1364 1028 
1365 1030 
1366 1028 
1367 1032 
1368 1029 
1369 1025 
1370 1031 
1371 1020 
1372 1023 
1373 1032 
1374 1023 
1375 1025 
1376 1008 
1377 1049 
1378 1037 
1379 1041 
1380 1029 
1381 1020 
1382 1032 
1383 1029 
1384 1031 
1385 1033 
1386 1027 
1387 1027 
1388 1033 
1389 1033 
1390 1029 
1391 1023 
1392 1033 
1393 1026 
1394 1027 
1395 1019 
1396 1031 
1397 1031 
1398 1029 
1399 1030 
1400 1033 
1401 1004 
1402 1037 
1403 1028 
1404 1038 
1405 1029 
1406 1030 
1407 1024 
1408 1025 
1409 1039 
1410 1029 
1411 1029 
1412 1029 
1413 1028 
1414 1026 
1415 1031 
1416 1030 
1417 1026 
1418 1032 
1419 1030 
1420 1027 
1421 1026 
1422 1026 
1423 1024 
1424 1038 
1425 1030 
1426 1012 
1427 1040 
1428 1025 
1429 1033 
1430 1028 
1431 1031 
1432 1030 
1433 1028 
1434 1030 
1435 1030 
1436 1028 
1437 1031 
1438 1032 
1439 1023 
1440 1023 
1441 1033 
1442 1032 
1443 1030 
1444 1029 
1445 1027 
1446 1033 
1447 1031 
1448 1025 
1449 1033 
1450 1031 
1451 1003 
1452 1047 
1453 1034 
1454 1022 
1455 1031 
1456 1021 
1457 1028 
1458 1026 
1459 1025 
1460 1027 
1461 1028 
1462 1025 
1463 1028 
1464 1026 
1465 1026 
1466 1026 
1467 1036 
1468 1024 
1469 1025 
1470 1022 
1471 1028 
1472 1021 
1473 1037 
1474 1029 
1475 1028 
1476 1017 
1477 1049 
1478 1040 
1479 1036 
1480 1029 
1481 1027 
1482 1018 
1483 1027 
1484 1028 
1485 1021 
1486 1036 
1487 1025 
1488 1026 
1489 1024 
1490 1024 
1491 1028 
1492 1032 
1493 1031 
1494 1021 
1495 1037 
1496 1029 
1497 1021 
1498 1027 
1499 1034 
1500 1017 
1501 1013 
1502 1039 
1503 1029 
1504 1028 
1505 1021 
1506 1032 
1507 1032 
1508 1029 
1509 1030 
1510 1028 
1511 1027 
1512 1027 
1513 1028 
1514 1023 
1515 1027 
1516 1030 
1517 1024 
1518 1033 
1519 1024 
1520 1023 
1521 1029 
1522 1031 
1523 1025 
1524 1030 
1525 1024 
1526 1010 
1527 1043 
1528 1023 
1529 1028 
1530 1025 
1531 1026 
1532 1025 
1533 1029 
1534 1026 
1535 1023 
1536 1023 
1537 1031 
1538 1026 
1539 1028 
1540 1033 
1541 1020 
1542 1030 
1543 1029 
1544 1021 
1545 1039 
1546 1028 
1547 1028 
1548 1033 
1549 1018 
1550 1023 
1551 1005 
1552 1045 
1553 1033 
1554 1034 
1555 1028 
1556 1028 
1557 1028 
1558 1027 
1559 1023 
1560 1026 
1561 1024 
1562 1027 
1563 1028 
1564 1030 
1565 1023 
1566 1032 
1567 1021 
1568 1029 
1569 1027 
1570 1019 
1571 1029 
1572 1029 
1573 1020 
1574 1032 
1575 1019 
1576 1012 
1577 1058 
1578 1045 
1579 1034 
1580 1031 
1581 1028 
1582 1030 
1583 1025 
1584 1030 
1585 1026 
1586 1024 
1587 1029 
1588 1023 
1589 1027 
1590 1019 
1591 1026 
1592 1026 
1593 1032 
1594 1021 
1595 1036 
1596 1026 
1597 1035 
1598 1031 
1599 1031 
1600 1034 
1601 1007 
1602 1053 
1603 1039 
1604 1031 
1605 1023 
1606 1027 
1607 1026 
1608 1022 
1609 1032 
1610 1022 
1611 1025 
1612 1028 
1613 1032 
1614 1019 
1615 1023 
1616 1030 
1617 1029 
1618 1036 
1619 1030 
1620 1028 
1621 1035 
1622 1032 
1623 1018 
1624 1034 
1625 1019 
1626 1001 
1627 1043 
1628 1037 
1629 1026 
1630 1030 
1631 1036 
1632 1028 
1633 1029 
1634 1031 
1635 1030 
1636 1031 
1637 1025 
1638 1031 
1639 1029 
1640 1028 
1641 1027 
1642 1028 
1643 1034 
1644 1033 
1645 1033 
1646 1024 
1647 1032 
1648 1031 
1649 1024 
1650 1035 
1651 1009 
1652 1048 
1653 1042 
1654 1029 
1655 1026 
1656 1033 
1657 1031 
1658 1028 
1659 1027 
1660 1032 
1661 1029 
1662 1027 
1663 1025 
1664 1026 
1665 1020 
1666 1031 
1667 1024 
1668 1028 
1669 1021 
1670 1031 
1671 1031 
1672 1029 
1673 1029 
1674 1031 
1675 1022 
1676 1017 
1677 1042 
1678 1035 
1679 1032 
1680 1028 
1681 1030 
1682 1031 
1683 1031 
1684 1026 
1685 1029 
1686 1027 
1687 1032 
1688 1032 
1689 1026 
1690 1031 
1691 1025 
1692 1030 
1693 1024 
1694 1033 
1695 1025 
1696 1025 
1697 1030 
1698 1025 
1699 1028 
1700 1029 
1701 1004 
1702 1046 
1703 1036 
1704 1037 
1705 1033 
1706 1027 
1707 1035 
1708 1029 
1709 1021 
1710 1033 
1711 1031 
1712 1033 
1713 1032 
1714 1031 
1715 1024 
1716 1027 
1717 1027 
1718 1027 
1719 1036 
1720 1034 
1721 1028 
1722 1024 
1723 1030 
1724 1025 
1725 1017 
1726 1012 
1727 1039 
1728 1038 
1729 1033 
1730 1021 
1731 1029 
1732 1034 
1733 1030 
1734 1035 
1735 1026 
1736 1016 
1737 1034 
1738 1029 
1739 1032 
1740 1036 
1741 1027 
1742 1028 
1743 1025 
1744 1028 
1745 1025 
1746 1033 
1747 1028 
1748 1028 
1749 1026 
1750 1023 
1751 1011 
1752 1039 
1753 1026 
1754 1034 
1755 1021 
1756 1029 
1757 1029 
1758 1027 
1759 1020 
1760 1028 
1761 1030 
1762 1032 
1763 1034 
1764 1029 
1765 1025 
1766 1029 
1767 1031 
1768 1026 
1769 1032 
1770 1028 
1771 1034 
1772 1021 
1773 1025 
1774 1031 
1775 1029 
1776 1009 
1777 1052 
1778 1035 
1779 1036 
1780 1035 
1781 1031 
1782 1030 
1783 1030 
1784 1026 
1785 1023 
1786 1035 
1787 1027 
1788 1031 
1789 1027 
1790 1027 
1791 1027 
1792 1032 
1793 1026 
1794 1025 
1795 1028 
1796 1028 
1797 1025 
1798 1031 
1799 1030 
1800 1029 
1801 1003 
1802 1049 
1803 1037 
1804 1035 
1805 1025 
1806 1029 
1807 1030 
1808 1034 
1809 1035 
1810 1026 
1811 1027 
1812 1024 
1813 1027 
1814 1032 
1815 1021 
1816 1025 
1817 1028 
1818 1032 
1819 1027 
1820 1032 
1821 1024 
1822 1032 
1823 1024 
1824 1030 
1825 1030 
1826 1011 
1827 1055 
1828 1043 
1829 1029 
1830 1030 
1831 1025 
1832 1025 
1833 1023 
1834 1034 
1835 1020 
1836 1032 
1837 1021 
1838 1022 
1839 1033 
1840 1024 
1841 1022 
1842 1032 
1843 1024 
1844 1028 
1845 1029 
1846 1023 
1847 1026 
1848 1028 
1849 1027 
1850 1033 
1851 1011 
1852 1057 
1853 1041 
1854 1036 
1855 1026 
1856 1023 
1857 1030 
1858 1025 
1859 1026 
1860 1023 
1861 1022 
1862 1026 
1863 1031 
1864 1021 
1865 1029 
1866 1031 
1867 1022 
1868 1029 
1869 1021 
1870 1024 
1871 1025 
1872 1027 
1873 1037 
1874 1026 
1875 1021 
1876 1010 
1877 1053 
1878 1036 
1879 1035 
1880 1028 
1881 1012 
1882 1031 
1883 1029 
1884 1032 
1885 1028 
1886 1026 
1887 1028 
1888 1023 
1889 1031 
1890 1029 
1891 1034 
1892 1031 
1893 1036 
1894 1027 
1895 1023 
1896 1031 
1897 1031 
1898 1021 
1899 1033 
1900 1020 
1901 1007 
1902 1048 
1903 1033 
1904 1033 
1905 1031 
1906 1023 
1907 1030 
1908 1028 
1909 1029 
1910 1026 
1911 1026 
1912 1036 
1913 1031 
1914 1030 
1915 1027 
1916 1027 
1917 1030 
1918 1020 
1919 1036 
1920 1030 
1921 1025 
1922 1023 
1923 1027 
1924 1024 
1925 1023 
1926 1010 
1927 1046 
1928 1036 
1929 1031 
1930 1021 
1931 1035 
1932 1027 
1933 1029 
1934 1026 
1935 1030 
1936 1026 
1937 1030 
1938 1033 
1939 1019 
1940 1035 
1941 1029 
1942 1033 
1943 1035 
1944 1025 
1945 1023 
1946 1019 
1947 1031 
1948 1023 
1949 1032 
1950 1030 
1951 1006 
1952 1036 
1953 1032 
1954 1031 
1955 1025 
1956 1027 
1957 1033 
1958 1026 
1959 1026 
1960 1023 
1961 1028 
1962 1030 
1963 1034 
1964 1030 
1965 1025 
1966 1035 
1967 1029 
1968 1028 
1969 1025 
1970 1029 
1971 1023 
1972 1035 
1973 1026 
1974 1025 
1975 1022 
1976 1018 
1977 1050 
1978 1034 
1979 1038 
1980 1027 
1981 1030 
1982 1028 
1983 1031 
1984 1020 
1985 1021 
1986 1025 
1987 1027 
1988 1034 
1989 1024 
1990 1032 
1991 1026 
1992 1032 
1993 1035 
1994 1032 
1995 1027 
1996 1028 
1997 1026 
1998 1027 
1999 1029 
2000 1028 
2001 1006 
2002 1041 
2003 1033 
2004 1027 
2005 1028 
2006 1037 
2007 1027 
2008 1028 
2009 1034 
2010 1026 
2011 1032 
2012 1028 
2013 1034 
2014 1037 
2015 1028 
2016 1022 
2017 1024 
2018 1029 
2019 1034 
2020 1036 
2021 1023 
2022 1027 
2023 1026 
2024 1024 
2025 1023 
2026 1006 
2027 1044 
2028 1029 
2029 1032 
2030 1029 
2031 1031 
2032 1026 
2033 1026 
2034 1031 
2035 1025 
2036 1029 
2037 1033 
2038 1024 
2039 1026 
2040 1033 
2041 1034 
2042 1029 
2043 1029 
2044 1027 
2045 1028 
2046 1031 
2047 1026 
2048 1025 
2049 1029 
2050 1031 
2051 1003 
2052 1043 
2053 1032 
2054 1028 
2055 1026 
2056 1026 
2057 1028 
2058 1033 
2059 1024 
2060 1032 
2061 1032 
2062 1032 
2063 1035 
2064 1030 
2065 1028 
2066 1037 
2067 1028 
2068 1029 
2069 1030 
2070 1021 
2071 1025 
2072 1031 
2073 1032 
2074 1019 
2075 1030 
2076 1006 
2077 1049 
2078 1040 
2079 1029 
2080 1022 
2081 1026 
2082 1030 
2083 1024 
2084 1031 
2085 1030 
2086 1022 
2087 1029 
2088 1033 
2089 1024 
2090 1033 
2091 1020 
2092 1035 
2093 1028 
2094 1034 
2095 1019 
2096 1033 
2097 1016 
2098 1035 
2099 1023 
2100 1032 
2101 1016 
2102 1048 
2103 1033 
2104 1035 
2105 1032 
2106 1030 
2107 1024 
2108 1031 
2109 1026 
2110 1023 
2111 1039 
2112 1020 
2113 1027 
2114 1031 
2115 1031 
2116 1027 
2117 1024 
2118 1029 
2119 1032 
2120 1027 
2121 1032 
2122 1026 
2123 1024 
2124 1032 
2125 1028 
2126 1001 
2127 1045 
2128 1031 
2129 1026 
2130 1032 
2131 1023 
2132 1035 
2133 1029 
2134 1028 
2135 1035 
2136 1029 
2137 1026 
2138 1032 
2139 1022 
2140 1026 
2141 1030 
2142 1036 
2143 1027 
2144 1030 
2145 1024 
2146 1032 
2147 1026 
2148 1029 
2149 1026 
2150 1029 
2151 1010 
2152 1049 
2153 1032 
2154 1034 
2155 1026 
2156 1026 
2157 1039 
2158 1026 
2159 1028 
2160 1026 
2161 1029 
2162 1027 
2163 1030 
2164 1028 
2165 1029 
2166 1032 
2167 1026 
2168 1028 
2169 1025 
2170 1029 
2171 1032 
2172 1035 
2173 1031 
2174 1027 
2175 1024 
2176 998 
2177 1043 
2178 1029 
2179 1034 
2180 1031 
2181 1019 
2182 1027 
2183 1029 
2184 1027 
2185 1023 
2186 1026 
2187 1027 
2188 1025 
2189 1024 
2190 1027 
2191 1025 
2192 1028 
2193 1029 
2194 1023 
2195 1030 
2196 1029 
2197 1022 
2198 1035 
2199 1029 
2200 1032 
2201 1011 
2202 1037 
2203 1017 
2204 1024 
2205 1028 
2206 1033 
2207 1030 
2208 1026 
2209 1024 
2210 1032 
2211 1023 
2212 1028 
2213 1029 
2214 1025 
2215 1030 
2216 1026 
2217 1023 
2218 1031 
2219 1029 
2220 1026 
2221 1032 
2222 1028 
2223 1034 
2224 1030 
2225 1032 
2226 1002 
2227 1047 
2228 1028 
2229 1025 
2230 1027 
2231 1031 
2232 1026 
2233 1029 
2234 1036 
2235 1029 
2236 1032 
2237 1031 
2238 1031 
2239 1025 
2240 1033 
2241 1032 
2242 1025 
2243 1026 
2244 1032 
2245 1026 
2246 1028 
2247 1034 
2248 1030 
2249 1028 
2250 1032 
2251 1016 
2252 1049 
2253 1033 
2254 1022 
2255 1026 
2256 1022 
2257 1030 
2258 1033 
2259 1026 
2260 1023 
2261 1025 
2262 1032 
2263 1022 
2264 1028 
2265 1022 
2266 1027 
2267 1033 
2268 1030 
2269 1032 
2270 1026 
2271 1037 
2272 1025 
2273 1022 
2274 1027 
2275 1034 
2276 1015 
2277 1043 
2278 1031 
2279 1034 
2280 1029 
2281 1034 
2282 1029 
2283 1031 
2284 1034 
2285 1021 
2286 1022 
2287 1033 
2288 1022 
2289 1026 
2290 1035 
2291 1026 
2292 1024 
2293 1023 
2294 1024 
2295 1027 
2296 1030 
2297 1034 
2298 1029 
2299 1027 
2300 1033 
2301 1007 
2302 1046 
2303 1035 
2304 1035 
2305 1031 
2306 1025 
2307 1032 
2308 1030 
2309 1019 
2310 1036 
2311 1027 
2312 1020 
2313 1033 
2314 1028 
2315 1028 
2316 1038 
2317 1027 
2318 1032 
2319 1027 
2320 1027 
2321 1028 
2322 1028 
2323 1021 
2324 1034 
2325 1029 
2326 1000 
2327 1033 
2328 1024 
2329 1032 
2330 1023 
2331 1023 
2332 1030 
2333 1022 
2334 1027 
2335 1032 
2336 1025 
2337 1030 
2338 1033 
2339 1019 
2340 1030 
2341 1026 
2342 1025 
2343 1030 
2344 1024 
2345 1036 
2346 1023 
2347 1031 
2348 1025 
2349 1029 
2350 1029 
2351 1019 
2352 1039 
2353 1032 
2354 1026 
2355 1027 
2356 1026 
2357 1028 
2358 1029 
2359 1032 
2360 1031 
2361 1021 
2362 1027 
2363 1022 
2364 1030 
2365 1027 
2366 1022 
2367 1028 
2368 1033 
2369 1025 
2370 1033 
2371 1027 
2372 1030 
2373 1031 
2374 1026 
2375 1027 
2376 1009 
2377 1045 
2378 1039 
2379 1027 
2380 1036 
2381 1026 
2382 1036 
2383 1025 
2384 1023 
2385 1027 
2386 1033 
2387 1028 
2388 1025 
2389 1028 
2390 1030 
2391 1027 
2392 1029 
2393 1020 
2394 1038 
2395 1027 
2396 1032 
2397 1036 
2398 1028 
2399 1024 
2400 1025 
2401 1012 
2402 1043 
2403 1036 
2404 1034 
2405 1030 
2406 1029 
2407 1036 
2408 1023 
2409 1023 
2410 1028 
2411 1030 
2412 1033 
2413 1024 
2414 1025 
2415 1034 
2416 1031 
2417 1033 
2418 1028 
2419 1026 
2420 1027 
2421 1030 
2422 1032 
2423 1027 
2424 1028 
2425 1030 
2426 1011 
2427 1038 
2428 1033 
2429 1030 
2430 1015 
2431 1029 
2432 1027 
2433 1029 
2434 1030 
2435 1023 
2436 1028 
2437 1029 
2438 1025 
2439 1022 
2440 1031 
2441 1022 
2442 1035 
2443 1039 
2444 1022 
2445 1027 
2446 1026 
2447 1030 
2448 1028 
2449 1029 
2450 1024 
2451 1006 
2452 1053 
2453 1042 
2454 1029 
2455 1022 
2456 1029 
2457 1035 
2458 1028 
2459 1029 
2460 1030 
2461 1025 
2462 1023 
2463 1034 
2464 1031 
2465 1030 
2466 1024 
2467 1029 
2468 1027 
2469 1027 
2470 1032 
2471 1026 
2472 1031 
2473 1021 
2474 1029 
2475 1037 
2476 1009 
2477 1053 
2478 1047 
2479 1030 
2480 1023 
2481 1024 
2482 1033 
2483 1023 
2484 1022 
2485 1033 
2486 1021 
2487 1030 
2488 1029 
2489 1019 
2490 1036 
2491 1022 
2492 1030 
2493 1023 
2494 1029 
2495 1026 
2496 1033 
2497 1024 
2498 1033 
2499 1034 
2500 1034 
2501 1006 
2502 1046 
2503 1036 
2504 1036 
2505 1025 
2506 1028 
2507 1032 
2508 1022 
2509 1017 
2510 1036 
2511 1028 
2512 1029 
2513 1026 
2514 1035 
2515 1030 
2516 1022 
2517 1026 
2518 1031 
2519 1025 
2520 1028 
2521 1030 
2522 1029 
2523 1029 
2524 1027 
2525 1025 
2526 1014 
2527 1039 
2528 1035 
2529 1035 
2530 1017 
2531 1029 
2532 1029 
2533 1028 
2534 1030 
2535 1028 
2536 1030 
2537 1034 
2538 1022 
2539 1031 
2540 1032 
2541 1018 
2542 1029 
2543 1024 
2544 1032 
2545 1031 
2546 1021 
2547 1030 
2548 1026 
2549 1024 
2550 1037 
2551 1011 
2552 1047 
2553 1035 
2554 1034 
2555 1030 
2556 1021 
2557 1030 
2558 1024 
2559 1024 
2560 1027 
2561 1026 
2562 1032 
2563 1030 
2564 1029 
2565 1035 
2566 1025 
2567 1024 
2568 1036 
2569 1024 
2570 1022 
2571 1027 
2572 1033 
2573 1029 
2574 1026 
2575 1031 
2576 1010 
2577 1046 
2578 1033 
2579 1033 
2580 1035 
2581 1028 
2582 1021 
2583 1026 
2584 1023 
2585 1033 
2586 1030 
2587 1025 
2588 1029 
2589 1030 
2590 1021 
2591 1034 
2592 1026 
2593 1027 
2594 1021 
2595 1029 
2596 1024 
2597 1027 
2598 1029 
2599 1024 
2600 1037 
2601 1006 
2602 1047 
2603 1032 
2604 1029 
2605 1019 
2606 1022 
2607 1031 
2608 1023 
2609 1036 
2610 1031 
2611 1025 
2612 1034 
2613 1029 
2614 1024 
2615 1023 
2616 1028 
2617 1024 
2618 1031 
2619 1026 
2620 1027 
2621 1034 
2622 1028 
2623 1025 
2624 1029 
2625 1024 
2626 1015 
2627 1040 
2628 1020 
2629 1029 
2630 1024 
2631 1028 
2632 1033 
2633 1023 
2634 1030 
2635 1030 
2636 1025 
2637 1026 
2638 1038 
2639 1024 
2640 1024 
2641 1031 
2642 1018 
2643 1034 
2644 1033 
2645 1026 
2646 1027 
2647 1024 
2648 1023 
2649 1028 
2650 1031 
2651 1002 
2652 1045 
2653 1036 
2654 1030 
2655 1021 
2656 1032 
2657 1034 
2658 1025 
2659 1030 
2660 1025 
2661 1030 
2662 1032 
2663 1023 
2664 1026 
2665 1028 
2666 1033 
2667 1036 
2668 1024 
2669 1025 
2670 1026 
2671 1034 
2672 1030 
2673 1026 
2674 1026 
2675 1030 
2676 996 
2677 1038 
2678 1032 
2679 1033 
2680 1028 
2681 1022 
2682 1037 
2683 1024 
2684 1032 
2685 1035 
2686 1030 
2687 1021 
2688 1033 
2689 1032 
2690 1026 
2691 1032 
2692 1024 
2693 1031 
2694 1035 
2695 1027 
2696 1031 
2697 1027 
2698 1031 
2699 1027 
2700 1030 
2701 1005 
2702 1049 
2703 1034 
2704 1033 
2705 1036 
2706 1028 
2707 1022 
2708 1028 
2709 1029 
2710 1026 
2711 1031 
2712 1027 
2713 1031 
2714 1028 
2715 1028 
2716 1031 
2717 1029 
2718 1032 
2719 1019 
2720 1030 
2721 1037 
2722 1029 
2723 1030 
2724 1025 
2725 1026 
2726 1015 
2727 1049 
2728 1037 
2729 1037 
2730 1029 
2731 1027 
2732 1031 
2733 1029 
2734 1027 
2735 1024 
2736 1029 
2737 1027 
2738 1031 
2739 1031 
2740 1021 
2741 1031 
2742 1020 
2743 1026 
2744 1028 
2745 1024 
2746 1030 
2747 1025 
2748 1028 
2749 1030 
2750 1027 
2751 1009 
2752 1043 
2753 1027 
2754 1031 
2755 1019 
2756 1025 
2757 1033 
2758 1022 
2759 1025 
2760 1034 
2761 1025 
2762 1030 
2763 1024 
2764 1027 
2765 1024 
2766 1023 
2767 1033 
2768 1025 
2769 1031 
2770 1024 
2771 1027 
2772 1026 
2773 1022 
2774 1026 
2775 1029 
2776 1008 
2777 1041 
2778 1034 
2779 1036 
2780 1024 
2781 1025 
2782 1030 
2783 1026 
2784 1030 
2785 1038 
2786 1022 
2787 1029 
2788 1032 
2789 1017 
2790 1028 
2791 1025 
2792 1028 
2793 1026 
2794 1032 
2795 1025 
2796 1030 
2797 1032 
2798 1028 
2799 1038 
2800 1030 
2801 1008 
2802 1046 
2803 1032 
2804 1030 
2805 1034 
2806 1022 
2807 1030 
2808 1029 
2809 1027 
2810 1027 
2811 1024 
2812 1024 
2813 1023 
2814 1025 
2815 1025 
2816 1028 
2817 1024 
2818 1033 
2819 1023 
2820 1027 
2821 1033 
2822 1024 
2823 1024 
2824 1027 
2825 1025 
2826 1009 
2827 1040 
2828 1034 
2829 1029 
2830 1029 
2831 1030 
2832 1032 
2833 1031 
2834 1024 
2835 1023 
2836 1024 
2837 1028 
2838 1029 
2839 1023 
2840 1034 
2841 1032 
2842 1029 
2843 1040 
2844 1030 
2845 1024 
2846 1037 
2847 1031 
2848 1027 
2849 1025 
2850 1030 
2851 1006 
2852 1042 
2853 1032 
2854 1026 
2855 1030 
2856 1032 
2857 1030 
2858 1028 
2859 1035 
2860 1018 
2861 1024 
2862 1029 
2863 1027 
2864 1028 
2865 1025 
2866 1035 
2867 1032 
2868 1027 
2869 1026 
2870 1036 
2871 1028 
2872 1025 
2873 1029 
2874 1031 
2875 1021 
2876 1009 
2877 1044 
2878 1029 
2879 1036 
2880 1032 
2881 1028 
2882 1029 
2883 1031 
2884 1026 
2885 1026 
2886 1027 
2887 1029 
2888 1017 
2889 1035 
2890 1028 
2891 1026 
2892 1031 
2893 1025 
2894 1027 
2895 1029 
2896 1030 
2897 1026 
2898 1022 
2899 1030 
2900 1023 
2901 1009 
2902 1040 
2903 1036 
2904 1035 
2905 1023 
2906 1031 
2907 1027 
2908 1025 
2909 1030 
2910 1030 
2911 1024 
2912 1026 
2913 1028 
2914 1024 
2915 1031 
2916 1024 
2917 1024 
2918 1032 
2919 1031 
2920 1023 
2921 1031 
2922 1026 
2923 1032 
2924 1027 
2925 1025 
2926 1009 
2927 1038 
2928 1025 
2929 1022 
2930 1025 
2931 1025 
2932 1030 
2933 1031 
2934 1028 
2935 1024 
2936 1028 
2937 1027 
2938 1031 
2939 1029 
2940 1023 
2941 1026 
2942 1031 
2943 1029 
2944 1030 
2945 1020 
2946 1033 
2947 1024 
2948 1021 
2949 1029 
2950 1029 
2951 1011 
2952 1054 
2953 1040 
2954 1032 
2955 1024 
2956 1030 
2957 1034 
2958 1027 
2959 1033 
2960 1031 
2961 1031 
2962 1023 
2963 1028 
2964 1036 
2965 1028 
2966 1020 
2967 1031 
2968 1029 
2969 1026 
2970 1027 
2971 1030 
2972 1019 
2973 1025 
2974 1023 
2975 1023 
2976 1011 
2977 1052 
2978 1040 
2979 1033 
2980 1036 
2981 1023 
2982 1024 
2983 1027 
2984 1026 
2985 1031 
2986 1028 
2987 1034 
2988 1023 
2989 1029 
2990 1026 
2991 1018 
2992 1037 
2993 1024 
2994 1030 
2995 1025 
2996 1030 
2997 1030 
2998 1025 
2999 1022 
3000 1036 
3001 1003 
3002 1046 
3003 1033 
3004 1025 
3005 1035 
3006 1024 
3007 1020 
3008 1034 
3009 1024 
3010 1024 
3011 1032 
3012 1019 
3013 1027 
3014 1033 
3015 1029 
3016 1024 
3017 1027 
3018 1030 
3019 1027 
3020 1021 
3021 1032 
3022 1031 
3023 1025 
3024 1032 
3025 1024 
3026 1006 
3027 1049 
3028 1030 
3029 1033 
3030 1028 
3031 1041 
3032 1031 
3033 1030 
3034 1024 
3035 1028 
3036 1026 
3037 1032 
3038 1035 
3039 1027 
3040 1028 
3041 1035 
3042 1031 
3043 1021 
3044 1029 
3045 1029 
3046 1025 
3047 1022 
3048 1030 
3049 1026 
3050 1027 
3051 1006 
3052 1043 
3053 1033 
3054 1037 
3055 1022 
3056 1040 
3057 1022 
3058 1022 
3059 1032 
3060 1030 
3061 1031 
3062 1023 
3063 1022 
3064 1032 
3065 1033 
3066 1032 
3067 1026 
3068 1031 
3069 1029 
3070 1028 
3071 1026 
3072 1032 
3073 1037 
3074 1032 
3075 1018 
3076 1009 
3077 1052 
3078 1035 
3079 1033 
3080 1031 
3081 1029 
3082 1029 
3083 1023 
3084 1032 
3085 1029 
3086 1029 
3087 1036 
3088 1019 
3089 1029 
3090 1030 
3091 1020 
3092 1037 
3093 1027 
3094 1021 
3095 1034 
3096 1029 
3097 1032 
3098 1031 
3099 1027 
3100 1020 
3101 1011 
3102 1048 
3103 1038 
3104 1026 
3105 1027 
3106 1021 
3107 1027 
3108 1030 
3109 1027 
3110 1027 
3111 1026 
3112 1028 
3113 1034 
3114 1033 
3115 1021 
3116 1032 
3117 1025 
3118 1027 
3119 1024 
3120 1020 
3121 1030 
3122 1029 
3123 1030 
3124 1028 
3125 1025 
3126 1011 
3127 1042 
3128 1038 
3129 1038 
3130 1024 
3131 1027 
3132 1035 
3133 1024 
3134 1032 
3135 1032 
3136 1024 
3137 1022 
3138 1029 
3139 1027 
3140 1016 
3141 1034 
3142 1023 
3143 1026 
3144 1032 
3145 1022 
3146 1022 
3147 1028 
3148 1016 
3149 1034 
3150 1027 
3151 1007 
3152 1044 
3153 1032 
3154 1032 
3155 1031 
3156 1020 
3157 1034 
3158 1023 
3159 1030 
3160 1023 
3161 1021 
3162 1032 
3163 1031 
3164 1028 
3165 1026 
3166 1031 
3167 1020 
3168 1031 
3169 1024 
3170 1024 
3171 1028 
3172 1026 
3173 1035 
3174 1025 
3175 1030 
3176 1014 
3177 1050 
3178 1033 
3179 1039 
3180 1023 
3181 1026 
3182 1027 
3183 1023 
3184 1029 
3185 1029 
3186 1028 
3187 1022 
3188 1031 
3189 1026 
3190 1032 
3191 1026 
3192 1029 
3193 1022 
3194 1023 
3195 1033 
3196 1028 
3197 1029 
3198 1021 
3199 1030 
3200 1028 
3201 1010 
3202 1043 
3203 1030 
3204 1021 
3205 1029 
3206 1015 
3207 1028 
3208 1027 
3209 1027 
3210 1032 
3211 1026 
3212 1032 
3213 1032 
3214 1025 
3215 1025 
3216 1031 
3217 1026 
3218 1024 
3219 1030 
3220 1026 
3221 1024 
3222 1024 
3223 1036 
3224 1033 
3225 1028 
3226 1011 
3227 1043 
3228 1037 
3229 1040 
3230 1029 
3231 1024 
3232 1036 
3233 1027 
3234 1022 
3235 1027 
3236 1039 
3237 1030 
3238 1028 
3239 1026 
3240 1028 
3241 1027 
3242 1027 
3243 1026 
3244 1026 
3245 1033 
3246 1029 
3247 1019 
3248 1029 
3249 1023 
3250 1031 
3251 1006 
3252 1039 
3253 1029 
3254 1027 
3255 1024 
3256 1032 
3257 1031 
3258 1024 
3259 1024 
3260 1028 
3261 1021 
3262 1030 
3263 1028 
3264 1031 
3265 1026 
3266 1028 
3267 1029 
3268 1026 
3269 1027 
3270 1015 
3271 1033 
3272 1028 
3273 1025 
3274 1035 
3275 1017 
3276 1011 
3277 1040 
3278 1026 
3279 1035 
3280 1027 
3281 1024 
3282 1028 
3283 1026 
3284 1027 
3285 1025 
3286 1031 
3287 1029 
3288 1029 
3289 1028 
3290 1027 
3291 1028 
3292 1033 
3293 1030 
3294 1028 
3295 1033 
3296 1025 
3297 1027 
3298 1028 
3299 1024 
3300 1030 
3301 1011 
3302 1047 
3303 1036 
3304 1036 
3305 1027 
3306 1025 
3307 1032 
3308 1027 
3309 1030 
3310 1027 
3311 1025 
3312 1029 
3313 1025 
3314 1025 
3315 1033 
3316 1023 
3317 1032 
3318 1029 
3319 1035 
3320 1035 
3321 1035 
3322 1031 
3323 1032 
3324 1027 
3325 1033 
3326 1009 
3327 1051 
3328 1036 
3329 1033 
3330 1029 
3331 1030 
3332 1032 
3333 1028 
3334 1036 
3335 1026 
3336 1030 
3337 1028 
3338 1034 
3339 1029 
3340 1023 
3341 1026 
3342 1024 
3343 1024 
3344 1026 
3345 1027 
3346 1033 
3347 1028 
3348 1031 
3349 1034 
3350 1027 
3351 1012 
3352 1052 
3353 1037 
3354 1036 
3355 1029 
3356 1027 
3357 1034 
3358 1025 
3359 1026 
3360 1027 
3361 1021 
3362 1032 
3363 1030 
3364 1031 
3365 1022 
3366 1024 
3367 1021 
3368 1025 
3369 1034 
3370 1019 
3371 1030 
3372 1028 
3373 1027 
3374 1032 
3375 1027 
3376 1008 
3377 1047 
3378 1030 
3379 1032 
3380 1031 
3381 1024 
3382 1028 
3383 1029 
3384 1034 
3385 1029 
3386 1023 
3387 1027 
3388 1031 
3389 1026 
3390 1029 
3391 1030 
3392 1024 
3393 1028 
3394 1028 
3395 1029 
3396 1020 
3397 1032 
3398 1026 
3399 1024 
3400 1035 
3401 1014 
3402 1046 
3403 1038 
3404 1036 
3405 1024 
3406 1029 
3407 1029 
3408 1028 
3409 1030 
3410 1033 
3411 1024 
3412 1030 
3413 1027 
3414 1028 
3415 1023 
3416 1032 
3417 1030 
3418 1031 
3419 1026 
3420 1032 
3421 1027 
3422 1028 
3423 1026 
3424 1027 
3425 1036 
3426 1010 
3427 1040 
3428 1032 
3429 1032 
3430 1028 
3431 1030 
3432 1036 
3433 1033 
3434 1024 
3435 1029 
3436 1031 
3437 1026 
3438 1028 
3439 1028 
3440 1035 
3441 1025 
3442 1022 
3443 1034 
3444 1034 
3445 1025 
3446 1024 
3447 1027 
3448 1026 
3449 1039 
3450 1028 
3451 1007 
3452 1053 
3453 1037 
3454 1035 
3455 1027 
3456 1027 
3457 1029 
3458 1034 
3459 1028 
3460 1022 
3461 1029 
3462 1026 
3463 1027 
3464 1029 
3465 1035 
3466 1036 
3467 1020 
3468 1028 
3469 1030 
3470 1020 
3471 1033 
3472 1022 
3473 1038 
3474 1025 
3475 1030 
3476 1007 
3477 1050 
3478 1041 
3479 1031 
3480 1033 
3481 1024 
3482 1022 
3483 1027 
3484 1025 
3485 1030 
3486 1032 
3487 1026 
3488 1023 
3489 1031 
3490 1029 
3491 1037 
3492 1029 
3493 1024 
3494 1023 
3495 1025 
3496 1032 
3497 1032 
3498 1021 
3499 1033 
3500 1023 
3501 1011 
3502 1051 
3503 1043 
3504 1032 
3505 1026 
3506 1034 
3507 1032 
3508 1023 
3509 1022 
3510 1031 
3511 1030 
3512 1029 
3513 1026 
3514 1030 
3515 1029 
3516 1026 
3517 1028 
3518 1027 
3519 1028 
3520 1029 
3521 1023 
3522 1021 
3523 1025 
3524 1030 
3525 1025 
3526 1006 
3527 1043 
3528 1029 
3529 1035 
3530 1027 
3531 1022 
3532 1035 
3533 1030 
3534 1024 
3535 1024 
3536 1032 
3537 1022 
3538 1036 
3539 1033 
3540 1028 
3541 1034 
3542 1030 
3543 1028 
3544 1028 
3545 1026 
3546 1027 
3547 1028 
3548 1033 
3549 1029 
3550 1030 
3551 1004 
3552 1048 
3553 1035 
3554 1026 
3555 1024 
3556 1028 
3557 1024 
3558 1028 
3559 1028 
3560 1031 
3561 1023 
3562 1024 
3563 1027 
3564 1029 
3565 1034 
3566 1032 
3567 1031 
3568 1025 
3569 1031 
3570 1030 
3571 1020 
3572 1036 
3573 1026 
3574 1032 
3575 1031 
3576 1000 
3577 1043 
3578 1024 
3579 1030 
3580 1038 
3581 1030 
3582 1024 
3583 1033 
3584 1029 
3585 1031 
3586 1026 
3587 1033 
3588 1025 
3589 1029 
3590 1029 
3591 1023 
3592 1032 
3593 1030 
3594 1027 
3595 1032 
3596 1031 
3597 1029 
3598 1030 
3599 1026 
3600 1023 
3601 1020 
3602 1046 
3603 1037 
3604 1041 
3605 1028 
3606 1020 
3607 1036 
3608 1020 
3609 1024 
3610 1033 
3611 1025 
3612 1036 
3613 1028 
3614 1029 
3615 1034 
3616 1031 
3617 1029 
3618 1031 
3619 1030 
3620 1028 
3621 1028 
3622 1029 
3623 1022 
3624 1024 
3625 1028 
3626 1006 
3627 1045 
3628 1038 
3629 1034 
3630 1023 
3631 1025 
3632 1021 
3633 1036 
3634 1023 
3635 1033 
3636 1025 
3637 1028 
3638 1026 
3639 1027 
3640 1033 
3641 1028 
3642 1033 
3643 1035 
3644 1030 
3645 1024 
3646 1028 
3647 1033 
3648 1024 
3649 1032 
3650 1042 
3651 1012 
3652 1047 
3653 1036 
3654 1029 
3655 1028 
3656 1028 
3657 1023 
3658 1035 
3659 1034 
3660 1023 
3661 1030 
3662 1032 
3663 1024 
3664 1033 
3665 1024 
3666 1024 
3667 1029 
3668 1028 
3669 1025 
3670 1024 
3671 1026 
3672 1026 
3673 1037 
3674 1026 
3675 1028 
3676 1012 
3677 1049 
3678 1031 
3679 1029 
3680 1022 
3681 1034 
3682 1026 
3683 1024 
3684 1036 
3685 1033 
3686 1021 
3687 1036 
3688 1025 
3689 1024 
3690 1033 
3691 1028 
3692 1030 
3693 1034 
3694 1030 
